Date,High,Low,Open,Close,Volume,Adj Close
1995-08-25,6.824999809265137,6.724999904632568,6.724999904632568,6.800000190734863,3541000.0,2.7448322772979736
1995-08-28,6.775000095367432,6.650000095367432,6.775000095367432,6.699999809265137,1418500.0,2.8186657428741455
1995-08-29,6.775000095367432,6.625,6.75,6.699999809265137,879000.0,2.8186657428741455
1995-08-30,6.724999904632568,6.675000190734863,6.699999809265137,6.724999904632568,436500.0,2.8291826248168945
1995-08-31,6.724999904632568,6.650000095367432,6.724999904632568,6.699999809265137,606500.0,2.8186657428741455
1995-09-01,6.724999904632568,6.675000190734863,6.699999809265137,6.724999904632568,217000.0,2.8291826248168945
1995-09-05,6.724999904632568,6.675000190734863,6.699999809265137,6.699999809265137,385500.0,2.8186657428741455
1995-09-06,6.699999809265137,6.650000095367432,6.675000190734863,6.675000190734863,247000.0,2.8081483840942383
1995-09-07,6.675000190734863,6.599999904632568,6.675000190734863,6.625,738000.0,2.787113666534424
1995-09-08,6.599999904632568,6.275000095367432,6.574999809265137,6.275000095367432,946000.0,2.639868974685669
1995-09-11,6.525000095367432,6.300000190734863,6.300000190734863,6.425000190734863,434000.0,2.702975273132324
1995-09-12,6.675000190734863,6.550000190734863,6.550000190734863,6.650000095367432,817500.0,2.7976300716400146
1995-09-13,6.775000095367432,6.650000095367432,6.75,6.675000190734863,542500.0,2.8081483840942383
1995-09-14,6.699999809265137,6.650000095367432,6.675000190734863,6.699999809265137,154500.0,2.8186657428741455
1995-09-15,6.699999809265137,6.675000190734863,6.675000190734863,6.699999809265137,218500.0,2.8186657428741455
1995-09-18,6.724999904632568,6.650000095367432,6.675000190734863,6.724999904632568,422500.0,2.8291826248168945
1995-09-19,6.699999809265137,6.650000095367432,6.699999809265137,6.675000190734863,116500.0,2.8081483840942383
1995-09-20,6.650000095367432,6.525000095367432,6.650000095367432,6.550000190734863,124500.0,2.755561351776123
1995-09-21,6.625,6.550000190734863,6.599999904632568,6.599999904632568,157000.0,2.7765958309173584
1995-09-22,6.550000190734863,6.449999809265137,6.550000190734863,6.449999809265137,94500.0,2.7134923934936523
1995-09-25,6.5,6.425000190734863,6.5,6.425000190734863,53000.0,2.702975273132324
1995-09-26,6.599999904632568,6.525000095367432,6.550000190734863,6.525000095367432,266500.0,2.7450432777404785
1995-09-27,6.525000095367432,6.5,6.5,6.5,95000.0,2.7345266342163086
1995-09-28,6.625,6.550000190734863,6.550000190734863,6.599999904632568,205000.0,2.7765958309173584
1995-09-29,6.925000190734863,6.800000190734863,6.800000190734863,6.900000095367432,1303000.0,2.9028055667877197
1995-10-02,7.125,7.0,7.0,7.025000095367432,570000.0,2.9553935527801514
1995-10-03,7.074999809265137,7.0,7.050000190734863,7.050000190734863,165000.0,2.965909957885742
1995-10-04,7.025000095367432,6.974999904632568,7.025000095367432,6.974999904632568,108500.0,2.934357166290283
1995-10-05,7.025000095367432,6.974999904632568,7.0,7.025000095367432,70500.0,2.9553935527801514
1995-10-06,7.025000095367432,6.949999809265137,7.025000095367432,6.974999904632568,277000.0,2.934357166290283
1995-10-09,7.0,6.925000190734863,6.949999809265137,6.925000190734863,77000.0,2.913322925567627
1995-10-10,6.925000190734863,6.800000190734863,6.925000190734863,6.824999809265137,80000.0,2.8712527751922607
1995-10-11,6.900000095367432,6.824999809265137,6.824999809265137,6.824999809265137,80500.0,2.8712527751922607
1995-10-12,7.050000190734863,6.875,6.875,7.025000095367432,170000.0,2.9553935527801514
1995-10-13,7.275000095367432,7.150000095367432,7.150000095367432,7.25,201000.0,3.050048351287842
1995-10-16,7.425000190734863,7.300000190734863,7.300000190734863,7.375,130000.0,3.1026358604431152
1995-10-17,7.349999904632568,7.275000095367432,7.349999904632568,7.275000095367432,154500.0,3.0605664253234863
1995-10-18,7.474999904632568,7.275000095367432,7.275000095367432,7.375,169000.0,3.1026358604431152
1995-10-19,7.525000095367432,7.425000190734863,7.425000190734863,7.525000095367432,130500.0,3.1657402515411377
1995-10-20,7.699999809265137,7.574999809265137,7.574999809265137,7.650000095367432,212500.0,3.218327283859253
1995-10-23,7.675000190734863,7.650000095367432,7.675000190734863,7.675000190734863,66000.0,3.2288458347320557
1995-10-24,7.625,7.550000190734863,7.625,7.550000190734863,71500.0,3.1762585639953613
1995-10-25,7.550000190734863,7.525000095367432,7.550000190734863,7.525000095367432,284500.0,3.1657402515411377
1995-10-26,7.550000190734863,7.425000190734863,7.525000095367432,7.449999809265137,96000.0,3.134187698364258
1995-10-27,7.449999809265137,7.400000095367432,7.425000190734863,7.449999809265137,25000.0,3.134187698364258
1995-10-30,7.474999904632568,7.425000190734863,7.425000190734863,7.425000190734863,18500.0,3.123671293258667
1995-10-31,7.650000095367432,7.550000190734863,7.550000190734863,7.650000095367432,208000.0,3.218327283859253
1995-11-01,7.625,7.474999904632568,7.625,7.5,107000.0,3.1552231311798096
1995-11-02,7.650000095367432,7.525000095367432,7.525000095367432,7.599999904632568,291000.0,3.197293758392334
1995-11-03,7.925000190734863,7.900000095367432,7.900000095367432,7.925000190734863,252500.0,3.334019660949707
1995-11-06,8.0,7.849999904632568,7.925000190734863,8.0,235000.0,3.3655717372894287
1995-11-07,8.0,7.925000190734863,8.0,7.925000190734863,192000.0,3.334019660949707
1995-11-08,7.949999809265137,7.900000095367432,7.925000190734863,7.949999809265137,14500.0,3.344536542892456
1995-11-09,8.050000190734863,7.925000190734863,7.925000190734863,8.024999618530273,41500.0,3.3760898113250732
1995-11-10,8.0,7.949999809265137,8.0,7.949999809265137,11000.0,3.344536542892456
1995-11-13,7.925000190734863,7.875,7.925000190734863,7.925000190734863,29000.0,3.334019660949707
1995-11-14,7.900000095367432,7.800000190734863,7.900000095367432,7.800000190734863,35500.0,3.2814316749572754
1995-11-15,7.875,7.800000190734863,7.800000190734863,7.875,11500.0,3.3129830360412598
1995-11-16,8.0,7.875,7.875,8.0,31000.0,3.3655717372894287
1995-11-17,8.0,8.0,8.0,8.0,14500.0,3.3655717372894287
1995-11-20,8.100000381469727,8.0,8.0,8.074999809265137,25000.0,3.3971242904663086
1995-11-21,8.125,8.074999809265137,8.074999809265137,8.125,6500.0,3.418158531188965
1995-11-22,8.225000381469727,8.100000381469727,8.100000381469727,8.225000381469727,21500.0,3.460228204727173
1995-11-24,8.225000381469727,8.149999618530273,8.225000381469727,8.149999618530273,12000.0,3.4286749362945557
1995-11-27,8.149999618530273,8.050000190734863,8.149999618530273,8.050000190734863,21000.0,3.3866074085235596
1995-11-28,8.149999618530273,8.050000190734863,8.050000190734863,8.125,12000.0,3.418158531188965
1995-11-29,8.100000381469727,8.074999809265137,8.100000381469727,8.074999809265137,6500.0,3.3971242904663086
1995-11-30,8.175000190734863,8.100000381469727,8.100000381469727,8.149999618530273,16000.0,3.4286749362945557
1995-12-01,8.149999618530273,8.125,8.149999618530273,8.125,8500.0,3.418158531188965
1995-12-04,8.125,8.100000381469727,8.100000381469727,8.125,6500.0,3.418158531188965
1995-12-05,8.125,8.100000381469727,8.100000381469727,8.125,3000.0,3.418158531188965
1995-12-06,8.100000381469727,8.050000190734863,8.100000381469727,8.050000190734863,18000.0,3.3866074085235596
1995-12-07,8.199999809265137,8.100000381469727,8.100000381469727,8.175000190734863,102500.0,3.4391930103302
1995-12-08,8.125,8.100000381469727,8.125,8.100000381469727,5500.0,3.407639503479004
1995-12-11,8.074999809265137,8.074999809265137,8.074999809265137,8.074999809265137,2500.0,3.3971242904663086
1995-12-12,8.050000190734863,8.050000190734863,8.050000190734863,8.050000190734863,2000.0,3.3866074085235596
1995-12-13,8.100000381469727,8.024999618530273,8.100000381469727,8.024999618530273,8500.0,3.3760898113250732
1995-12-14,8.0,7.974999904632568,8.0,7.974999904632568,17000.0,3.3550539016723633
1995-12-15,7.949999809265137,7.949999809265137,7.949999809265137,7.949999809265137,8000.0,3.344536542892456
1995-12-18,7.900000095367432,7.900000095367432,7.900000095367432,7.900000095367432,4000.0,3.3235011100769043
1995-12-19,7.849999904632568,7.75,7.849999904632568,7.75,15500.0,3.260397434234619
1995-12-20,7.75,7.675000190734863,7.75,7.675000190734863,6500.0,3.2288458347320557
1995-12-21,7.724999904632568,7.650000095367432,7.675000190734863,7.650000095367432,7000.0,3.218327283859253
1995-12-22,7.650000095367432,7.650000095367432,7.650000095367432,7.650000095367432,3000.0,3.218327283859253
1995-12-26,7.625,7.625,7.625,7.625,1500.0,3.2078092098236084
1995-12-27,7.675000190734863,7.625,7.625,7.625,19500.0,3.2078092098236084
1995-12-28,7.75,7.699999809265137,7.699999809265137,7.75,28000.0,3.260397434234619
1995-12-29,7.75,7.724999904632568,7.724999904632568,7.75,10500.0,3.260397434234619
1996-01-02,7.849999904632568,7.800000190734863,7.800000190734863,7.824999809265137,38500.0,3.291949510574341
1996-01-03,7.974999904632568,7.875,7.875,7.949999809265137,25000.0,3.344536542892456
1996-01-04,7.949999809265137,7.800000190734863,7.949999809265137,7.800000190734863,19500.0,3.2814316749572754
1996-01-05,7.824999809265137,7.800000190734863,7.800000190734863,7.800000190734863,15500.0,3.2814316749572754
1996-01-08,7.75,7.699999809265137,7.75,7.699999809265137,8500.0,3.2393624782562256
1996-01-09,7.699999809265137,7.599999904632568,7.699999809265137,7.599999904632568,17500.0,3.197293758392334
1996-01-10,7.599999904632568,7.449999809265137,7.599999904632568,7.449999809265137,14500.0,3.134187698364258
1996-01-11,7.5,7.449999809265137,7.449999809265137,7.449999809265137,204000.0,3.134187698364258
1996-01-12,7.425000190734863,7.349999904632568,7.425000190734863,7.375,19000.0,3.1026358604431152
1996-01-15,7.375,7.349999904632568,7.349999904632568,7.375,8000.0,3.1026358604431152
1996-01-16,7.349999904632568,7.324999809265137,7.349999904632568,7.324999809265137,7000.0,3.081599712371826
1996-01-17,7.425000190734863,7.349999904632568,7.349999904632568,7.400000095367432,10000.0,3.1131532192230225
1996-01-18,7.5,7.449999809265137,7.449999809265137,7.5,59000.0,3.1552231311798096
1996-01-19,7.400000095367432,7.400000095367432,7.400000095367432,7.400000095367432,285000.0,3.1131532192230225
1996-01-22,7.425000190734863,7.400000095367432,7.425000190734863,7.400000095367432,2000.0,3.1131532192230225
1996-01-23,7.349999904632568,7.199999809265137,7.349999904632568,7.199999809265137,18000.0,3.0290141105651855
1996-01-24,7.300000190734863,7.25,7.25,7.25,19000.0,3.050048351287842
1996-01-25,7.300000190734863,7.150000095367432,7.300000190734863,7.150000095367432,44000.0,3.007979154586792
1996-01-26,7.099999904632568,7.074999809265137,7.099999904632568,7.099999904632568,23000.0,2.986945390701294
1996-01-29,7.25,7.099999904632568,7.150000095367432,7.25,45000.0,3.050048351287842
1996-01-30,7.25,7.199999809265137,7.25,7.199999809265137,18000.0,3.0290141105651855
1996-01-31,7.550000190734863,7.25,7.25,7.5,174000.0,3.1552231311798096
1996-02-01,7.699999809265137,7.550000190734863,7.550000190734863,7.699999809265137,23500.0,3.2393624782562256
1996-02-02,7.75,7.650000095367432,7.699999809265137,7.650000095367432,67500.0,3.218327283859253
1996-02-05,7.824999809265137,7.699999809265137,7.699999809265137,7.800000190734863,23000.0,3.2814316749572754
1996-02-06,7.949999809265137,7.849999904632568,7.849999904632568,7.949999809265137,21000.0,3.344536542892456
1996-02-07,8.0,8.0,8.0,8.0,4000.0,3.3655717372894287
1996-02-08,7.974999904632568,7.949999809265137,7.974999904632568,7.974999904632568,8500.0,3.3550539016723633
1996-02-09,8.0,7.875,7.974999904632568,7.949999809265137,119500.0,3.344536542892456
1996-02-12,8.399999618530273,8.199999809265137,8.199999809265137,8.399999618530273,39500.0,3.5338501930236816
1996-02-13,8.350000381469727,8.25,8.324999809265137,8.25,23500.0,3.4707448482513428
1996-02-14,8.75,8.449999809265137,8.449999809265137,8.75,82000.0,3.68109130859375
1996-02-15,8.800000190734863,8.649999618530273,8.800000190734863,8.649999618530273,60000.0,3.6390223503112793
1996-02-16,8.600000381469727,8.449999809265137,8.600000381469727,8.449999809265137,20000.0,3.5548839569091797
1996-02-20,8.5,8.425000190734863,8.449999809265137,8.449999809265137,26000.0,3.5548839569091797
1996-02-21,8.449999809265137,8.399999618530273,8.399999618530273,8.449999809265137,5500.0,3.5548839569091797
1996-02-22,8.574999809265137,8.449999809265137,8.449999809265137,8.5,46500.0,3.5759196281433105
1996-02-23,8.475000381469727,8.399999618530273,8.475000381469727,8.475000381469727,36500.0,3.565401554107666
1996-02-26,8.475000381469727,8.399999618530273,8.475000381469727,8.449999809265137,11000.0,3.5548839569091797
1996-02-27,8.475000381469727,8.399999618530273,8.399999618530273,8.475000381469727,27500.0,3.565401554107666
1996-02-28,8.399999618530273,8.324999809265137,8.399999618530273,8.324999809265137,138500.0,3.5022974014282227
1996-02-29,8.300000190734863,8.25,8.300000190734863,8.25,7500.0,3.4707448482513428
1996-03-01,8.274999618530273,8.199999809265137,8.274999618530273,8.199999809265137,8000.0,3.449711799621582
1996-03-04,8.25,8.199999809265137,8.25,8.199999809265137,6000.0,3.449711799621582
1996-03-05,8.25,8.25,8.25,8.25,1000.0,3.4707448482513428
1996-03-06,8.274999618530273,8.274999618530273,8.274999618530273,8.274999618530273,7000.0,3.481261968612671
1996-03-07,8.225000381469727,8.199999809265137,8.225000381469727,8.225000381469727,13000.0,3.460228204727173
1996-03-08,8.199999809265137,8.149999618530273,8.199999809265137,8.149999618530273,6500.0,3.4286749362945557
1996-03-11,8.100000381469727,8.0,8.100000381469727,8.0,31000.0,3.3655717372894287
1996-03-12,7.949999809265137,7.849999904632568,7.949999809265137,7.849999904632568,17500.0,3.302466869354248
1996-03-13,7.824999809265137,7.800000190734863,7.824999809265137,7.800000190734863,8500.0,3.2814316749572754
1996-03-14,7.800000190734863,7.775000095367432,7.775000095367432,7.800000190734863,2000.0,3.2814316749572754
1996-03-15,7.800000190734863,7.800000190734863,7.800000190734863,7.800000190734863,500.0,3.2814316749572754
1996-03-18,7.900000095367432,7.824999809265137,7.824999809265137,7.849999904632568,7500.0,3.302466869354248
1996-03-19,8.0,7.900000095367432,7.900000095367432,8.0,15000.0,3.3655717372894287
1996-03-20,8.149999618530273,8.050000190734863,8.050000190734863,8.149999618530273,11000.0,3.4286749362945557
1996-03-21,8.225000381469727,8.149999618530273,8.175000190734863,8.149999618530273,15000.0,3.4286749362945557
1996-03-22,8.100000381469727,8.050000190734863,8.100000381469727,8.050000190734863,9500.0,3.3866074085235596
1996-03-25,8.0,7.949999809265137,8.0,8.0,8500.0,3.3655717372894287
1996-03-26,8.100000381469727,7.949999809265137,7.949999809265137,8.050000190734863,37500.0,3.3866074085235596
1996-03-27,8.050000190734863,7.974999904632568,8.050000190734863,8.024999618530273,7000.0,3.3760898113250732
1996-03-28,8.024999618530273,8.0,8.0,8.0,3000.0,3.3655717372894287
1996-03-29,8.024999618530273,7.974999904632568,8.024999618530273,8.024999618530273,8500.0,3.3760898113250732
1996-04-01,8.024999618530273,7.900000095367432,8.024999618530273,7.900000095367432,18500.0,3.3235011100769043
1996-04-02,7.949999809265137,7.875,7.949999809265137,7.900000095367432,9500.0,3.3235011100769043
1996-04-03,8.0,7.949999809265137,7.949999809265137,8.0,4500.0,3.3655717372894287
1996-04-04,8.050000190734863,7.949999809265137,8.050000190734863,7.949999809265137,27500.0,3.344536542892456
1996-04-08,7.949999809265137,7.900000095367432,7.949999809265137,7.925000190734863,8000.0,3.334019660949707
1996-04-09,7.925000190734863,7.849999904632568,7.925000190734863,7.849999904632568,11000.0,3.578839063644409
1996-04-10,7.849999904632568,7.800000190734863,7.849999904632568,7.800000190734863,5500.0,3.5560431480407715
1996-04-11,7.724999904632568,7.599999904632568,7.724999904632568,7.599999904632568,30500.0,3.4648637771606445
1996-04-12,7.599999904632568,7.449999809265137,7.599999904632568,7.5,131500.0,3.4192724227905273
1996-04-15,7.574999809265137,7.474999904632568,7.550000190734863,7.474999904632568,13000.0,3.4078760147094727
1996-04-16,7.449999809265137,7.449999809265137,7.449999809265137,7.449999809265137,2000.0,3.3964762687683105
1996-04-17,7.5,7.425000190734863,7.425000190734863,7.5,28000.0,3.4192724227905273
1996-04-18,7.550000190734863,7.425000190734863,7.550000190734863,7.449999809265137,9000.0,3.3964762687683105
1996-04-19,7.400000095367432,7.349999904632568,7.400000095367432,7.349999904632568,11000.0,3.3508877754211426
1996-04-22,7.375,7.349999904632568,7.349999904632568,7.375,13500.0,3.3622865676879883
1996-04-23,7.550000190734863,7.425000190734863,7.425000190734863,7.449999809265137,328000.0,3.3964762687683105
1996-04-24,7.550000190734863,7.5,7.5,7.550000190734863,13500.0,3.442068099975586
1996-04-25,7.599999904632568,7.5,7.599999904632568,7.5,7000.0,3.4192724227905273
1996-04-26,7.574999809265137,7.5,7.5,7.574999809265137,10000.0,3.453465461730957
1996-04-29,7.625,7.574999809265137,7.599999904632568,7.574999809265137,10000.0,3.453465461730957
1996-04-30,7.525000095367432,7.400000095367432,7.525000095367432,7.400000095367432,177000.0,3.3736817836761475
1996-05-01,7.449999809265137,7.349999904632568,7.449999809265137,7.349999904632568,134000.0,3.3508877754211426
1996-05-02,7.449999809265137,7.375,7.375,7.400000095367432,76000.0,3.3736817836761475
1996-05-03,7.375,7.349999904632568,7.349999904632568,7.349999904632568,8500.0,3.3508877754211426
1996-05-06,7.400000095367432,7.349999904632568,7.349999904632568,7.349999904632568,14000.0,3.3508877754211426
1996-05-07,7.425000190734863,7.349999904632568,7.349999904632568,7.425000190734863,16500.0,3.385079860687256
1996-05-08,7.400000095367432,7.300000190734863,7.400000095367432,7.300000190734863,11000.0,3.3280913829803467
1996-05-09,7.400000095367432,7.324999809265137,7.324999809265137,7.400000095367432,7000.0,3.3736817836761475
1996-05-10,7.449999809265137,7.400000095367432,7.400000095367432,7.449999809265137,2500.0,3.3964762687683105
1996-05-13,7.400000095367432,7.300000190734863,7.400000095367432,7.300000190734863,15500.0,3.3280913829803467
1996-05-14,7.300000190734863,7.25,7.300000190734863,7.300000190734863,13000.0,3.3280913829803467
1996-05-15,7.400000095367432,7.324999809265137,7.324999809265137,7.400000095367432,6000.0,3.3736817836761475
1996-05-16,7.400000095367432,7.400000095367432,7.400000095367432,7.400000095367432,2000.0,3.3736817836761475
1996-05-17,7.675000190734863,7.550000190734863,7.550000190734863,7.574999809265137,57000.0,3.453465461730957
1996-05-20,7.724999904632568,7.599999904632568,7.599999904632568,7.699999809265137,44000.0,3.5681092739105225
1996-05-21,7.75,7.724999904632568,7.724999904632568,7.724999904632568,9500.0,3.5796937942504883
1996-05-22,7.800000190734863,7.775000095367432,7.775000095367432,7.800000190734863,5500.0,3.6144461631774902
1996-05-23,7.75,7.75,7.75,7.75,3500.0,3.5912771224975586
1996-05-24,7.75,7.675000190734863,7.75,7.675000190734863,6500.0,3.556525230407715
1996-05-28,7.625,7.625,7.625,7.625,5500.0,3.533353567123413
1996-05-29,7.675000190734863,7.625,7.625,7.650000095367432,29000.0,3.5449395179748535
1996-05-30,7.675000190734863,7.650000095367432,7.675000190734863,7.650000095367432,151500.0,3.5449395179748535
1996-05-31,7.699999809265137,7.650000095367432,7.650000095367432,7.650000095367432,9500.0,3.5449395179748535
1996-06-03,7.699999809265137,7.650000095367432,7.699999809265137,7.650000095367432,3500.0,3.5449395179748535
1996-06-04,7.650000095367432,7.650000095367432,7.650000095367432,7.650000095367432,2000.0,3.5449395179748535
1996-06-05,7.800000190734863,7.699999809265137,7.699999809265137,7.800000190734863,11000.0,3.6144461631774902
1996-06-06,7.800000190734863,7.75,7.800000190734863,7.75,28500.0,3.5912771224975586
1996-06-07,7.699999809265137,7.550000190734863,7.699999809265137,7.599999904632568,19500.0,3.5217702388763428
1996-06-10,7.550000190734863,7.550000190734863,7.550000190734863,7.550000190734863,4000.0,3.4986000061035156
1996-06-11,7.599999904632568,7.5,7.599999904632568,7.5,65000.0,3.4754300117492676
1996-06-12,7.550000190734863,7.525000095367432,7.525000095367432,7.550000190734863,35000.0,3.4986000061035156
1996-06-13,7.599999904632568,7.550000190734863,7.599999904632568,7.550000190734863,20000.0,3.4986000061035156
1996-06-14,7.550000190734863,7.5,7.5,7.550000190734863,3500.0,3.4986000061035156
1996-06-17,7.650000095367432,7.599999904632568,7.599999904632568,7.650000095367432,8000.0,3.5449395179748535
1996-06-18,7.599999904632568,7.525000095367432,7.599999904632568,7.550000190734863,95000.0,3.4986000061035156
1996-06-19,7.550000190734863,7.5,7.550000190734863,7.550000190734863,4500.0,3.4986000061035156
1996-06-20,7.5,7.449999809265137,7.5,7.449999809265137,10500.0,3.452260732650757
1996-06-21,7.5,7.400000095367432,7.5,7.400000095367432,8500.0,3.4290904998779297
1996-06-24,7.449999809265137,7.375,7.449999809265137,7.375,33500.0,3.4175069332122803
1996-06-25,7.400000095367432,7.400000095367432,7.400000095367432,7.400000095367432,500.0,3.4290904998779297
1996-06-26,7.349999904632568,7.349999904632568,7.349999904632568,7.349999904632568,3000.0,3.4059202671051025
1996-06-27,7.300000190734863,7.199999809265137,7.300000190734863,7.199999809265137,40500.0,3.3364124298095703
1996-06-28,7.150000095367432,7.0,7.150000095367432,7.0,28000.0,3.243734836578369
1996-07-01,7.099999904632568,7.050000190734863,7.074999809265137,7.050000190734863,261500.0,3.266904592514038
1996-07-02,7.324999809265137,7.25,7.25,7.300000190734863,407000.0,3.382751941680908
1996-07-03,7.550000190734863,7.375,7.375,7.525000095367432,78500.0,3.487013816833496
1996-07-05,7.525000095367432,7.5,7.525000095367432,7.5,25500.0,3.4754300117492676
1996-07-08,7.5,7.425000190734863,7.425000190734863,7.5,25500.0,3.4754300117492676
1996-07-09,7.474999904632568,7.474999904632568,7.474999904632568,7.474999904632568,500.0,3.4638452529907227
1996-07-10,7.425000190734863,7.324999809265137,7.425000190734863,7.324999809265137,12500.0,3.3943355083465576
1996-07-11,7.324999809265137,7.324999809265137,7.324999809265137,7.324999809265137,23000.0,3.3943355083465576
1996-07-12,7.400000095367432,7.300000190734863,7.375,7.400000095367432,39000.0,3.4290904998779297
1996-07-15,7.349999904632568,7.099999904632568,7.349999904632568,7.099999904632568,33000.0,3.290074348449707
1996-07-16,7.0,6.849999904632568,7.0,6.849999904632568,171500.0,3.174226760864258
1996-07-17,6.949999809265137,6.900000095367432,6.900000095367432,6.949999809265137,10000.0,3.2205650806427
1996-07-18,7.050000190734863,6.949999809265137,7.0,7.050000190734863,10500.0,3.266904592514038
1996-07-19,7.0,6.925000190734863,7.0,6.925000190734863,32000.0,3.2089803218841553
1996-07-22,6.900000095367432,6.724999904632568,6.900000095367432,6.724999904632568,203000.0,3.1163032054901123
1996-07-23,6.75,6.699999809265137,6.75,6.699999809265137,41000.0,3.104717254638672
1996-07-24,6.699999809265137,6.650000095367432,6.675000190734863,6.650000095367432,100000.0,3.081547737121582
1996-07-25,6.849999904632568,6.699999809265137,6.699999809265137,6.800000190734863,27500.0,3.151057243347168
1996-07-26,6.849999904632568,6.800000190734863,6.849999904632568,6.800000190734863,127500.0,3.151057243347168
1996-07-29,6.824999809265137,6.800000190734863,6.824999809265137,6.800000190734863,165000.0,3.151057243347168
1996-07-30,6.849999904632568,6.824999809265137,6.849999904632568,6.824999809265137,10000.0,3.1626408100128174
1996-07-31,6.775000095367432,6.775000095367432,6.775000095367432,6.775000095367432,5000.0,3.1394708156585693
1996-08-01,6.800000190734863,6.699999809265137,6.800000190734863,6.75,18500.0,3.1278867721557617
1996-08-02,6.849999904632568,6.800000190734863,6.800000190734863,6.824999809265137,201000.0,3.1626408100128174
1996-08-05,7.150000095367432,7.074999809265137,7.074999809265137,7.150000095367432,30500.0,3.3132436275482178
1996-08-06,7.150000095367432,7.150000095367432,7.150000095367432,7.150000095367432,2000.0,3.3132436275482178
1996-08-07,7.199999809265137,7.199999809265137,7.199999809265137,7.199999809265137,3000.0,3.3364124298095703
1996-08-08,7.300000190734863,7.25,7.275000095367432,7.300000190734863,151000.0,3.382751941680908
1996-08-09,7.449999809265137,7.349999904632568,7.349999904632568,7.400000095367432,101000.0,3.4290904998779297
1996-08-12,7.449999809265137,7.375,7.400000095367432,7.449999809265137,24000.0,3.452260732650757
1996-08-13,7.449999809265137,7.400000095367432,7.400000095367432,7.449999809265137,3000.0,3.452260732650757
1996-08-14,7.400000095367432,7.400000095367432,7.400000095367432,7.400000095367432,1000.0,3.4290904998779297
1996-08-15,7.375,7.324999809265137,7.349999904632568,7.375,45000.0,3.4175069332122803
1996-08-16,7.449999809265137,7.400000095367432,7.400000095367432,7.449999809265137,10000.0,3.452260732650757
1996-08-19,7.474999904632568,7.449999809265137,7.474999904632568,7.449999809265137,104000.0,3.452260732650757
1996-08-20,7.449999809265137,7.425000190734863,7.425000190734863,7.449999809265137,1000.0,3.452260732650757
1996-08-21,7.550000190734863,7.5,7.5,7.550000190734863,5500.0,3.4986000061035156
1996-08-22,7.550000190734863,7.550000190734863,7.550000190734863,7.550000190734863,25000.0,3.4986000061035156
1996-08-23,7.574999809265137,7.550000190734863,7.550000190734863,7.550000190734863,6500.0,3.4986000061035156
1996-08-26,7.550000190734863,7.525000095367432,7.550000190734863,7.525000095367432,26500.0,3.6353158950805664
1996-08-27,7.550000190734863,7.525000095367432,7.550000190734863,7.525000095367432,55000.0,3.6353158950805664
1996-08-28,7.574999809265137,7.525000095367432,7.550000190734863,7.574999809265137,92000.0,3.6594700813293457
1996-08-29,7.599999904632568,7.574999809265137,7.574999809265137,7.599999904632568,32500.0,3.6715500354766846
1996-08-30,7.550000190734863,7.550000190734863,7.550000190734863,7.550000190734863,25000.0,3.6473937034606934
1996-09-03,7.525000095367432,7.525000095367432,7.525000095367432,7.525000095367432,5000.0,3.6353158950805664
1996-09-04,7.5,7.5,7.5,7.5,1000.0,3.623239040374756
1996-09-05,7.5,7.5,7.5,7.5,0.0,3.623239040374756
1996-09-06,7.474999904632568,7.449999809265137,7.449999809265137,7.474999904632568,3500.0,3.611161947250366
1996-09-09,7.5,7.425000190734863,7.5,7.425000190734863,15000.0,3.587005853652954
1996-09-10,7.400000095367432,7.349999904632568,7.400000095367432,7.349999904632568,12500.0,3.5507736206054688
1996-09-11,7.375,7.300000190734863,7.375,7.375,25000.0,3.5628530979156494
1996-09-12,7.324999809265137,7.25,7.324999809265137,7.25,10500.0,3.502464532852173
1996-09-13,7.5,7.474999904632568,7.474999904632568,7.474999904632568,132000.0,3.611161947250366
1996-09-16,7.599999904632568,7.525000095367432,7.525000095367432,7.599999904632568,7000.0,3.6715500354766846
1996-09-17,7.650000095367432,7.599999904632568,7.650000095367432,7.599999904632568,6000.0,3.6715500354766846
1996-09-18,7.650000095367432,7.599999904632568,7.599999904632568,7.650000095367432,5000.0,3.695704936981201
1996-09-19,7.650000095367432,7.650000095367432,7.650000095367432,7.650000095367432,2000.0,3.695704936981201
1996-09-20,7.699999809265137,7.650000095367432,7.699999809265137,7.675000190734863,38500.0,3.7077834606170654
1996-09-23,7.675000190734863,7.625,7.625,7.675000190734863,4500.0,3.7077834606170654
1996-09-24,7.625,7.599999904632568,7.625,7.599999904632568,4500.0,3.6715500354766846
1996-09-25,7.599999904632568,7.550000190734863,7.550000190734863,7.599999904632568,22500.0,3.6715500354766846
1996-09-26,7.5,7.5,7.5,7.5,3500.0,3.623239040374756
1996-09-27,7.449999809265137,7.400000095367432,7.449999809265137,7.449999809265137,6000.0,3.5990841388702393
1996-09-30,7.400000095367432,7.400000095367432,7.400000095367432,7.400000095367432,500.0,3.5749287605285645
1996-10-01,7.449999809265137,7.449999809265137,7.449999809265137,7.449999809265137,2500.0,3.5990841388702393
1996-10-02,7.449999809265137,7.400000095367432,7.400000095367432,7.449999809265137,1500.0,3.5990841388702393
1996-10-03,7.449999809265137,7.349999904632568,7.400000095367432,7.449999809265137,27000.0,3.5990841388702393
1996-10-04,7.400000095367432,7.400000095367432,7.400000095367432,7.400000095367432,500.0,3.5749287605285645
1996-10-07,7.400000095367432,7.400000095367432,7.400000095367432,7.400000095367432,1000.0,3.5749287605285645
1996-10-08,7.400000095367432,7.349999904632568,7.400000095367432,7.349999904632568,1500.0,3.5507736206054688
1996-10-09,7.375,7.324999809265137,7.324999809265137,7.349999904632568,4000.0,3.5507736206054688
1996-10-10,7.349999904632568,7.300000190734863,7.324999809265137,7.300000190734863,6000.0,3.5266189575195312
1996-10-11,7.375,7.300000190734863,7.300000190734863,7.375,6500.0,3.5628530979156494
1996-10-14,7.375,7.375,7.375,7.375,500.0,3.5628530979156494
1996-10-15,7.375,7.375,7.375,7.375,0.0,3.5628530979156494
1996-10-16,7.400000095367432,7.349999904632568,7.349999904632568,7.400000095367432,2000.0,3.5749287605285645
1996-10-17,7.349999904632568,7.349999904632568,7.349999904632568,7.349999904632568,1500.0,3.5507736206054688
1996-10-18,7.349999904632568,7.349999904632568,7.349999904632568,7.349999904632568,0.0,3.5507736206054688
1996-10-21,7.449999809265137,7.349999904632568,7.349999904632568,7.349999904632568,21500.0,3.5507736206054688
1996-10-22,7.349999904632568,7.300000190734863,7.349999904632568,7.300000190734863,13000.0,3.5266189575195312
1996-10-23,7.349999904632568,7.349999904632568,7.349999904632568,7.349999904632568,2000.0,3.5507736206054688
1996-10-24,7.400000095367432,7.300000190734863,7.300000190734863,7.400000095367432,10000.0,3.5749287605285645
1996-10-25,7.349999904632568,7.300000190734863,7.349999904632568,7.300000190734863,9000.0,3.5266189575195312
1996-10-28,7.349999904632568,7.349999904632568,7.349999904632568,7.349999904632568,21500.0,3.5507736206054688
1996-10-29,7.375,7.349999904632568,7.349999904632568,7.375,8000.0,3.5628530979156494
1996-10-30,7.5,7.449999809265137,7.449999809265137,7.5,5500.0,3.623239040374756
1996-10-31,7.474999904632568,7.474999904632568,7.474999904632568,7.474999904632568,1000.0,3.611161947250366
1996-11-01,7.699999809265137,7.599999904632568,7.599999904632568,7.650000095367432,27500.0,3.695704936981201
1996-11-04,7.699999809265137,7.650000095367432,7.699999809265137,7.650000095367432,9500.0,3.695704936981201
1996-11-05,7.875,7.699999809265137,7.699999809265137,7.875,28000.0,3.8043997287750244
1996-11-06,8.199999809265137,7.925000190734863,7.925000190734863,8.149999618530273,99500.0,3.9372518062591553
1996-11-07,8.149999618530273,8.050000190734863,8.050000190734863,8.149999618530273,68500.0,3.9372518062591553
1996-11-08,8.350000381469727,8.149999618530273,8.149999618530273,8.350000381469727,20000.0,4.033873081207275
1996-11-11,8.449999809265137,8.300000190734863,8.300000190734863,8.425000190734863,24000.0,4.070105075836182
1996-11-12,8.800000190734863,8.675000190734863,8.675000190734863,8.699999809265137,795000.0,4.202958106994629
1996-11-13,8.75,8.675000190734863,8.75,8.675000190734863,30500.0,4.190881252288818
1996-11-14,8.699999809265137,8.600000381469727,8.699999809265137,8.699999809265137,151500.0,4.202958106994629
1996-11-15,8.850000381469727,8.675000190734863,8.75,8.675000190734863,85500.0,4.190881252288818
1996-11-18,8.899999618530273,8.774999618530273,8.800000190734863,8.875,156000.0,4.287500381469727
1996-11-19,8.949999809265137,8.875,8.875,8.899999618530273,44500.0,4.2995758056640625
1996-11-20,8.925000190734863,8.800000190734863,8.925000190734863,8.800000190734863,25500.0,4.251265525817871
1996-11-21,8.899999618530273,8.800000190734863,8.800000190734863,8.899999618530273,42000.0,4.2995758056640625
1996-11-22,8.899999618530273,8.850000381469727,8.899999618530273,8.899999618530273,41500.0,4.2995758056640625
1996-11-25,9.0,8.850000381469727,8.850000381469727,9.0,18000.0,4.34788703918457
1996-11-26,9.100000381469727,9.0,9.0,9.074999809265137,19500.0,4.3841166496276855
1996-11-27,9.175000190734863,9.074999809265137,9.074999809265137,9.175000190734863,68500.0,4.432430267333984
1996-11-29,8.899999618530273,8.899999618530273,8.899999618530273,8.899999618530273,500.0,4.2995758056640625
1996-12-02,8.925000190734863,8.850000381469727,8.899999618530273,8.925000190734863,89000.0,4.311657428741455
1996-12-03,8.925000190734863,8.875,8.925000190734863,8.875,106000.0,4.287500381469727
1996-12-04,8.899999618530273,8.875,8.875,8.899999618530273,10500.0,4.2995758056640625
1996-12-05,8.875,8.800000190734863,8.850000381469727,8.800000190734863,45500.0,4.251265525817871
1996-12-06,8.75,8.649999618530273,8.75,8.75,12500.0,4.227109909057617
1996-12-09,8.774999618530273,8.774999618530273,8.774999618530273,8.774999618530273,2000.0,4.239190578460693
1996-12-10,8.875,8.824999809265137,8.824999809265137,8.824999809265137,13500.0,4.263341903686523
1996-12-11,8.800000190734863,8.800000190734863,8.800000190734863,8.800000190734863,1000.0,4.251265525817871
1996-12-12,8.824999809265137,8.800000190734863,8.824999809265137,8.800000190734863,6500.0,4.251265525817871
1996-12-13,8.399999618530273,8.300000190734863,8.300000190734863,8.399999618530273,53000.0,4.058028221130371
1996-12-16,8.399999618530273,8.350000381469727,8.399999618530273,8.350000381469727,30500.0,4.033873081207275
1996-12-17,8.300000190734863,8.300000190734863,8.300000190734863,8.300000190734863,3000.0,4.009719371795654
1996-12-18,8.449999809265137,8.350000381469727,8.350000381469727,8.449999809265137,10500.0,4.082181453704834
1996-12-19,8.524999618530273,8.5,8.5,8.524999618530273,3000.0,4.118414878845215
1996-12-20,8.725000381469727,8.574999809265137,8.574999809265137,8.725000381469727,15500.0,4.215034484863281
1996-12-23,8.699999809265137,8.699999809265137,8.699999809265137,8.699999809265137,11000.0,4.202958106994629
1996-12-24,9.0,8.899999618530273,8.899999618530273,8.899999618530273,69000.0,4.2995758056640625
1996-12-26,8.899999618530273,8.850000381469727,8.850000381469727,8.899999618530273,16500.0,4.2995758056640625
1996-12-27,8.899999618530273,8.800000190734863,8.800000190734863,8.850000381469727,33500.0,4.275423049926758
1996-12-30,8.850000381469727,8.800000190734863,8.800000190734863,8.850000381469727,5500.0,4.275423049926758
1996-12-31,8.875,8.800000190734863,8.850000381469727,8.875,12000.0,4.287500381469727
1997-01-02,8.899999618530273,8.850000381469727,8.899999618530273,8.850000381469727,137500.0,4.275423049926758
1997-01-03,8.800000190734863,8.800000190734863,8.800000190734863,8.800000190734863,4500.0,4.251265525817871
1997-01-06,8.75,8.75,8.75,8.75,1000.0,4.227109909057617
1997-01-07,8.75,8.699999809265137,8.699999809265137,8.75,10000.0,4.227109909057617
1997-01-08,8.75,8.699999809265137,8.75,8.725000381469727,26000.0,4.215034484863281
1997-01-09,8.875,8.675000190734863,8.699999809265137,8.850000381469727,165500.0,4.275423049926758
1997-01-10,8.75,8.600000381469727,8.699999809265137,8.75,171500.0,4.227109909057617
1997-01-13,8.850000381469727,8.75,8.75,8.850000381469727,244000.0,4.275423049926758
1997-01-14,9.125,8.875,8.875,9.100000381469727,97500.0,4.39619779586792
1997-01-15,9.274999618530273,9.074999809265137,9.074999809265137,9.274999618530273,44000.0,4.480738639831543
1997-01-16,9.300000190734863,9.300000190734863,9.300000190734863,9.300000190734863,1500.0,4.492814540863037
1997-01-17,9.300000190734863,9.25,9.300000190734863,9.300000190734863,22000.0,4.492814540863037
1997-01-20,9.274999618530273,9.25,9.25,9.274999618530273,4000.0,4.480738639831543
1997-01-21,9.274999618530273,9.25,9.25,9.25,5000.0,4.468662261962891
1997-01-22,9.324999809265137,9.274999618530273,9.274999618530273,9.324999809265137,15000.0,4.504893779754639
1997-01-23,9.449999809265137,9.350000381469727,9.350000381469727,9.399999618530273,33500.0,4.541126251220703
1997-01-24,9.475000381469727,9.399999618530273,9.399999618530273,9.475000381469727,11000.0,4.577358722686768
1997-01-27,9.5,9.475000381469727,9.475000381469727,9.5,4000.0,4.589435577392578
1997-01-28,9.574999809265137,9.524999618530273,9.550000190734863,9.550000190734863,16500.0,4.613590717315674
1997-01-29,9.550000190734863,9.524999618530273,9.550000190734863,9.550000190734863,82500.0,4.613590717315674
1997-01-30,9.574999809265137,9.550000190734863,9.550000190734863,9.574999809265137,1500.0,4.625668048858643
1997-01-31,9.574999809265137,9.550000190734863,9.574999809265137,9.574999809265137,60000.0,4.625668048858643
1997-02-03,9.600000381469727,9.600000381469727,9.600000381469727,9.600000381469727,5500.0,4.637747287750244
1997-02-04,9.600000381469727,9.600000381469727,9.600000381469727,9.600000381469727,1000.0,4.637747287750244
1997-02-05,9.625,9.625,9.625,9.625,3000.0,4.649823188781738
1997-02-06,9.699999809265137,9.649999618530273,9.649999618530273,9.699999809265137,11500.0,4.6860551834106445
1997-02-07,10.149999618530273,10.050000190734863,10.050000190734863,10.149999618530273,22000.0,4.903449058532715
1997-02-10,10.449999809265137,10.375,10.399999618530273,10.375,19500.0,5.012145519256592
1997-02-11,10.375,10.324999809265137,10.324999809265137,10.375,6000.0,5.012145519256592
1997-02-12,10.5,10.449999809265137,10.449999809265137,10.5,3500.0,5.072535991668701
1997-02-13,10.600000381469727,10.5,10.5,10.600000381469727,7000.0,5.120845794677734
1997-02-14,10.649999618530273,10.524999618530273,10.600000381469727,10.550000190734863,77000.0,5.0966877937316895
1997-02-18,10.550000190734863,10.475000381469727,10.5,10.5,158500.0,5.072535991668701
1997-02-19,10.550000190734863,10.5,10.5,10.5,199500.0,5.072535991668701
1997-02-20,10.600000381469727,10.550000190734863,10.600000381469727,10.574999809265137,18500.0,5.108766078948975
1997-02-21,10.649999618530273,10.625,10.649999618530273,10.625,18000.0,5.132922172546387
1997-02-24,10.649999618530273,10.625,10.649999618530273,10.649999618530273,70000.0,5.145000457763672
1997-02-25,10.725000381469727,10.675000190734863,10.675000190734863,10.725000381469727,4000.0,5.1812310218811035
1997-02-26,10.949999809265137,10.774999618530273,10.949999809265137,10.875,55000.0,5.253696918487549
1997-02-27,11.199999809265137,10.925000190734863,10.925000190734863,11.050000190734863,42000.0,5.338240623474121
1997-02-28,11.5,11.449999809265137,11.449999809265137,11.5,212000.0,5.555633544921875
1997-03-03,11.524999618530273,11.350000381469727,11.5,11.375,49000.0,5.49524450302124
1997-03-04,11.375,11.324999809265137,11.375,11.375,8000.0,5.49524450302124
1997-03-05,11.399999618530273,11.274999618530273,11.324999809265137,11.350000381469727,21000.0,5.483168601989746
1997-03-06,11.649999618530273,11.600000381469727,11.600000381469727,11.649999618530273,13000.0,5.6280975341796875
1997-03-07,11.675000190734863,11.625,11.649999618530273,11.675000190734863,59500.0,5.640176773071289
1997-03-10,11.675000190734863,11.675000190734863,11.675000190734863,11.675000190734863,3000.0,5.640176773071289
1997-03-11,11.699999809265137,11.699999809265137,11.699999809265137,11.699999809265137,88500.0,5.652253150939941
1997-03-12,11.800000190734863,11.75,11.75,11.774999618530273,47500.0,5.688482761383057
1997-03-13,11.625,11.475000381469727,11.625,11.475000381469727,43000.0,5.54355525970459
1997-03-14,11.350000381469727,11.199999809265137,11.350000381469727,11.350000381469727,92000.0,5.483168601989746
1997-03-17,11.350000381469727,11.350000381469727,11.350000381469727,11.350000381469727,25000.0,5.483168601989746
1997-03-18,11.475000381469727,11.350000381469727,11.350000381469727,11.475000381469727,89500.0,5.54355525970459
1997-03-19,11.574999809265137,11.425000190734863,11.425000190734863,11.574999809265137,37000.0,5.591864585876465
1997-03-20,11.25,11.149999618530273,11.25,11.149999618530273,48500.0,5.386547088623047
1997-03-21,11.050000190734863,10.975000381469727,11.050000190734863,11.0,211000.0,5.314085483551025
1997-03-24,11.050000190734863,11.0,11.0,11.050000190734863,55000.0,5.338240623474121
1997-03-25,11.300000190734863,11.199999809265137,11.25,11.199999809265137,66000.0,5.410704612731934
1997-03-26,11.300000190734863,11.199999809265137,11.300000190734863,11.225000381469727,11500.0,5.4227824211120605
1997-03-27,11.274999618530273,11.199999809265137,11.274999618530273,11.199999809265137,39000.0,5.410704612731934
1997-03-31,11.100000381469727,10.850000381469727,11.100000381469727,10.850000381469727,6500.0,5.241620063781738
1997-04-01,10.949999809265137,10.600000381469727,10.600000381469727,10.949999809265137,187500.0,5.635317802429199
1997-04-02,10.899999618530273,10.75,10.899999618530273,10.75,5500.0,5.53239107131958
1997-04-03,10.649999618530273,10.475000381469727,10.649999618530273,10.475000381469727,5000.0,5.390868186950684
1997-04-04,10.5,10.449999809265137,10.449999809265137,10.5,27500.0,5.403731822967529
1997-04-07,10.5,10.5,10.5,10.5,165000.0,5.403731822967529
1997-04-08,10.475000381469727,10.449999809265137,10.475000381469727,10.449999809265137,38500.0,5.377999305725098
1997-04-09,10.350000381469727,10.25,10.350000381469727,10.350000381469727,37000.0,5.326533794403076
1997-04-10,10.300000190734863,10.25,10.300000190734863,10.25,2500.0,5.275068283081055
1997-04-11,10.300000190734863,10.300000190734863,10.300000190734863,10.300000190734863,1000.0,5.300802707672119
1997-04-14,10.399999618530273,10.350000381469727,10.350000381469727,10.399999618530273,3000.0,5.352269649505615
1997-04-15,10.475000381469727,10.425000190734863,10.425000190734863,10.475000381469727,2000.0,5.390868186950684
1997-04-16,10.5,10.449999809265137,10.475000381469727,10.449999809265137,102000.0,5.377999305725098
1997-04-17,10.524999618530273,10.5,10.5,10.524999618530273,2500.0,5.416597366333008
1997-04-18,10.524999618530273,10.524999618530273,10.524999618530273,10.524999618530273,0.0,5.416597366333008
1997-04-21,10.5,10.5,10.5,10.5,500.0,5.403731822967529
1997-04-22,10.600000381469727,10.574999809265137,10.574999809265137,10.600000381469727,11000.0,5.455196380615234
1997-04-23,10.949999809265137,10.800000190734863,10.800000190734863,10.949999809265137,33500.0,5.635317802429199
1997-04-24,11.050000190734863,11.0,11.0,11.050000190734863,4500.0,5.6867852210998535
1997-04-25,11.0,10.899999618530273,11.0,10.899999618530273,4000.0,5.609586238861084
1997-04-28,10.949999809265137,10.875,10.949999809265137,10.875,16500.0,5.59672212600708
1997-04-29,10.975000381469727,10.949999809265137,10.949999809265137,10.975000381469727,7500.0,5.648184776306152
1997-04-30,10.975000381469727,10.975000381469727,10.975000381469727,10.975000381469727,0.0,5.648184776306152
1997-05-01,10.949999809265137,10.925000190734863,10.949999809265137,10.925000190734863,34500.0,5.622453689575195
1997-05-02,11.050000190734863,10.949999809265137,10.962499618530273,11.050000190734863,74500.0,5.6867852210998535
1997-05-05,11.050000190734863,11.0,11.050000190734863,11.024999618530273,3500.0,5.673917293548584
1997-05-06,11.0,11.0,11.0,11.0,1000.0,5.661054611206055
1997-05-07,11.350000381469727,11.0,11.0,11.350000381469727,23000.0,5.841175556182861
1997-05-08,11.25,11.0,11.25,11.0,79500.0,5.661054611206055
1997-05-09,11.25,11.050000190734863,11.199999809265137,11.125,42500.0,5.725382328033447
1997-05-12,11.300000190734863,11.175000190734863,11.175000190734863,11.300000190734863,8500.0,5.8154449462890625
1997-05-13,11.399999618530273,11.350000381469727,11.350000381469727,11.399999618530273,37000.0,5.866910457611084
1997-05-14,11.399999618530273,11.274999618530273,11.399999618530273,11.324999809265137,29500.0,5.828309535980225
1997-05-15,11.350000381469727,11.274999618530273,11.350000381469727,11.274999618530273,11500.0,5.802577495574951
1997-05-16,11.300000190734863,11.25,11.274999618530273,11.274999618530273,11500.0,5.802577495574951
1997-05-19,11.324999809265137,11.274999618530273,11.274999618530273,11.324999809265137,5500.0,5.828309535980225
1997-05-20,11.324999809265137,11.300000190734863,11.324999809265137,11.300000190734863,21000.0,5.8154449462890625
1997-05-21,11.324999809265137,11.175000190734863,11.324999809265137,11.175000190734863,14000.0,5.7511138916015625
1997-05-22,11.125,11.100000381469727,11.125,11.125,29000.0,5.725382328033447
1997-05-23,11.149999618530273,11.074999809265137,11.074999809265137,11.149999618530273,6500.0,5.738247871398926
1997-05-27,11.25,11.199999809265137,11.199999809265137,11.25,3500.0,5.789710521697998
1997-05-28,11.225000381469727,11.149999618530273,11.199999809265137,11.199999809265137,114000.0,5.763980388641357
1997-05-29,11.175000190734863,11.175000190734863,11.175000190734863,11.175000190734863,500.0,5.7511138916015625
1997-05-30,11.149999618530273,11.125,11.125,11.149999618530273,1000.0,5.738247871398926
1997-06-02,11.100000381469727,11.0,11.100000381469727,11.0,9500.0,5.661054611206055
1997-06-03,10.925000190734863,10.925000190734863,10.925000190734863,10.925000190734863,5500.0,5.622453689575195
1997-06-04,10.774999618530273,10.75,10.774999618530273,10.774999618530273,151500.0,5.545257091522217
1997-06-05,10.800000190734863,10.649999618530273,10.649999618530273,10.800000190734863,42500.0,5.55812406539917
1997-06-06,10.800000190734863,10.725000381469727,10.725000381469727,10.800000190734863,11500.0,5.55812406539917
1997-06-09,11.0,10.850000381469727,10.850000381469727,11.0,8000.0,5.661054611206055
1997-06-10,11.199999809265137,11.050000190734863,11.050000190734863,11.125,34000.0,5.725382328033447
1997-06-11,11.25,11.175000190734863,11.175000190734863,11.25,3500.0,5.789710521697998
1997-06-12,11.350000381469727,11.199999809265137,11.274999618530273,11.350000381469727,40000.0,5.841175556182861
1997-06-13,11.649999618530273,11.449999809265137,11.449999809265137,11.649999618530273,20000.0,5.995567321777344
1997-06-16,11.699999809265137,11.699999809265137,11.699999809265137,11.699999809265137,5000.0,6.021299839019775
1997-06-17,11.699999809265137,11.449999809265137,11.699999809265137,11.475000381469727,26500.0,5.905506610870361
1997-06-18,11.524999618530273,11.475000381469727,11.5,11.5,5500.0,5.918372631072998
1997-06-19,11.5,11.5,11.5,11.5,3500.0,5.918372631072998
1997-06-20,11.600000381469727,11.550000190734863,11.550000190734863,11.600000381469727,6000.0,5.9698357582092285
1997-06-23,11.675000190734863,11.524999618530273,11.524999618530273,11.675000190734863,42500.0,6.0084357261657715
1997-06-24,11.600000381469727,11.449999809265137,11.600000381469727,11.5,19000.0,5.918372631072998
1997-06-25,11.600000381469727,11.550000190734863,11.550000190734863,11.550000190734863,21000.0,5.944105625152588
1997-06-26,11.649999618530273,11.625,11.625,11.649999618530273,14000.0,5.995567321777344
1997-06-27,11.75,11.649999618530273,11.649999618530273,11.699999809265137,11000.0,6.021299839019775
1997-06-30,11.725000381469727,11.649999618530273,11.699999809265137,11.649999618530273,17500.0,5.995567321777344
1997-07-01,11.912500381469727,11.774999618530273,11.774999618530273,11.912500381469727,16500.0,6.1306586265563965
1997-07-02,12.225000381469727,12.050000190734863,12.050000190734863,12.175000190734863,12000.0,6.2657551765441895
1997-07-03,12.449999809265137,12.25,12.25,12.449999809265137,17000.0,6.407281398773193
1997-07-07,12.475000381469727,12.425000190734863,12.449999809265137,12.475000381469727,10000.0,6.4201483726501465
1997-07-08,12.800000190734863,12.524999618530273,12.524999618530273,12.699999809265137,46000.0,6.5359416007995605
1997-07-09,12.600000381469727,12.5,12.600000381469727,12.574999809265137,38500.0,6.471612930297852
1997-07-10,12.662500381469727,12.550000190734863,12.550000190734863,12.662500381469727,56500.0,6.516642093658447
1997-07-11,13.0,12.800000190734863,12.875,12.800000190734863,162000.0,6.587406158447266
1997-07-14,12.600000381469727,12.550000190734863,12.550000190734863,12.574999809265137,95000.0,6.471612930297852
1997-07-15,12.600000381469727,12.574999809265137,12.600000381469727,12.574999809265137,6000.0,6.471612930297852
1997-07-16,13.0,12.75,12.800000190734863,12.837499618530273,208500.0,6.60670280456543
1997-07-17,12.899999618530273,12.75,12.837499618530273,12.75,45000.0,6.561675071716309
1997-07-18,12.800000190734863,12.762499809265137,12.762499809265137,12.800000190734863,33000.0,6.587406158447266
1997-07-21,12.800000190734863,12.600000381469727,12.800000190734863,12.600000381469727,51500.0,6.48447847366333
1997-07-22,12.675000190734863,12.550000190734863,12.550000190734863,12.675000190734863,5500.0,6.52307653427124
1997-07-23,12.850000381469727,12.725000381469727,12.725000381469727,12.762499809265137,13500.0,6.5681071281433105
1997-07-24,12.774999618530273,12.774999618530273,12.774999618530273,12.774999618530273,3000.0,6.574540138244629
1997-07-25,12.699999809265137,12.600000381469727,12.649999618530273,12.600000381469727,40500.0,6.48447847366333
1997-07-28,12.600000381469727,12.600000381469727,12.600000381469727,12.600000381469727,10000.0,6.48447847366333
1997-07-29,12.524999618530273,12.462499618530273,12.524999618530273,12.475000381469727,10500.0,6.4201483726501465
1997-07-30,12.600000381469727,12.425000190734863,12.425000190734863,12.600000381469727,47500.0,6.48447847366333
1997-07-31,12.5625,12.425000190734863,12.5625,12.550000190734863,54000.0,6.458744049072266
1997-08-01,12.350000381469727,12.162500381469727,12.350000381469727,12.175000190734863,49500.0,6.2657551765441895
1997-08-04,12.100000381469727,12.024999618530273,12.100000381469727,12.024999618530273,76000.0,6.188555717468262
1997-08-05,12.024999618530273,12.0,12.0,12.012499809265137,43500.0,6.182126045227051
1997-08-06,12.0,11.975000381469727,11.987500190734863,12.0,17000.0,6.175694465637207
1997-08-07,12.100000381469727,11.975000381469727,11.975000381469727,12.100000381469727,43000.0,6.227156162261963
1997-08-08,12.074999809265137,12.0,12.074999809265137,12.074999809265137,37000.0,6.21429443359375
1997-08-11,12.0,11.899999618530273,11.975000381469727,11.912500381469727,43000.0,6.1306586265563965
1997-08-12,12.074999809265137,11.875,11.875,12.074999809265137,20000.0,6.21429443359375
1997-08-13,12.074999809265137,11.975000381469727,12.074999809265137,11.975000381469727,33500.0,6.375609397888184
1997-08-14,11.949999809265137,11.899999618530273,11.949999809265137,11.899999618530273,107500.0,6.335679531097412
1997-08-15,11.862500190734863,11.800000190734863,11.862500190734863,11.824999809265137,27000.0,6.295749664306641
1997-08-18,11.8125,11.800000190734863,11.800000190734863,11.8125,8000.0,6.289093017578125
1997-08-19,11.824999809265137,11.824999809265137,11.824999809265137,11.824999809265137,3000.0,6.295749664306641
1997-08-20,11.899999618530273,11.824999809265137,11.824999809265137,11.899999618530273,3000.0,6.335679531097412
1997-08-21,12.0,11.699999809265137,11.850000381469727,11.699999809265137,87000.0,6.229198455810547
1997-08-22,11.800000190734863,11.699999809265137,11.725000381469727,11.75,9500.0,6.255818843841553
1997-08-25,11.949999809265137,11.774999618530273,11.774999618530273,11.949999809265137,22500.0,6.362301826477051
1997-08-26,11.975000381469727,11.774999618530273,11.850000381469727,11.975000381469727,46000.0,6.375609397888184
1997-08-27,12.199999809265137,12.012499809265137,12.024999618530273,12.199999809265137,30000.0,6.49540376663208
1997-08-28,12.25,12.100000381469727,12.199999809265137,12.25,9000.0,6.522024154663086
1997-08-29,12.149999618530273,12.024999618530273,12.149999618530273,12.074999809265137,53500.0,6.428853988647461
1997-09-02,12.175000190734863,12.175000190734863,12.175000190734863,12.175000190734863,3500.0,6.48209285736084
1997-09-03,12.25,12.175000190734863,12.225000381469727,12.237500190734863,132000.0,6.515368938446045
1997-09-04,12.262499809265137,12.25,12.262499809265137,12.25,40500.0,6.522024154663086
1997-09-05,12.274999618530273,12.199999809265137,12.199999809265137,12.274999618530273,86500.0,6.535332202911377
1997-09-08,12.324999809265137,12.25,12.300000190734863,12.25,31000.0,6.522024154663086
1997-09-09,12.399999618530273,12.350000381469727,12.350000381469727,12.399999618530273,14500.0,6.601883888244629
1997-09-10,12.425000190734863,12.300000190734863,12.375,12.375,271000.0,6.5885772705078125
1997-09-11,12.375,12.375,12.375,12.375,2500.0,6.5885772705078125
1997-09-12,12.399999618530273,12.350000381469727,12.399999618530273,12.350000381469727,70000.0,6.575263500213623
1997-09-15,12.550000190734863,12.425000190734863,12.425000190734863,12.550000190734863,6500.0,6.681746959686279
1997-09-16,12.649999618530273,12.425000190734863,12.5,12.649999618530273,183500.0,6.734986305236816
1997-09-17,12.649999618530273,12.5625,12.649999618530273,12.600000381469727,67000.0,6.708367347717285
1997-09-18,12.975000381469727,12.625,12.625,12.737500190734863,53000.0,6.781571865081787
1997-09-19,12.987500190734863,12.824999809265137,12.824999809265137,12.949999809265137,51000.0,6.894707679748535
1997-09-22,12.800000190734863,12.75,12.800000190734863,12.800000190734863,44500.0,6.814850807189941
1997-09-23,13.0,12.800000190734863,12.800000190734863,13.0,66500.0,6.921329498291016
1997-09-24,13.324999809265137,12.949999809265137,12.949999809265137,13.300000190734863,150500.0,7.081055641174316
1997-09-25,13.300000190734863,13.149999618530273,13.199999809265137,13.287500381469727,76500.0,7.074399471282959
1997-09-26,13.399999618530273,13.274999618530273,13.274999618530273,13.350000381469727,45500.0,7.107674598693848
1997-09-29,13.350000381469727,13.3125,13.324999809265137,13.337499618530273,43500.0,7.101019382476807
1997-09-30,13.5,13.399999618530273,13.399999618530273,13.5,174500.0,7.187534809112549
1997-10-01,13.449999809265137,13.25,13.449999809265137,13.274999618530273,139000.0,7.067743301391602
1997-10-02,13.425000190734863,13.274999618530273,13.274999618530273,13.412500381469727,32000.0,7.140950679779053
1997-10-03,13.675000190734863,13.449999809265137,13.449999809265137,13.675000190734863,36000.0,7.280712127685547
1997-10-06,13.675000190734863,13.550000190734863,13.675000190734863,13.600000381469727,39500.0,7.2407755851745605
1997-10-07,13.800000190734863,13.600000381469727,13.600000381469727,13.774999618530273,39500.0,7.333951473236084
1997-10-08,13.800000190734863,13.699999809265137,13.800000190734863,13.800000190734863,21000.0,7.347259044647217
1997-10-09,13.949999809265137,13.824999809265137,13.850000381469727,13.949999809265137,24000.0,7.42711877822876
1997-10-10,14.199999809265137,13.975000381469727,13.975000381469727,14.199999809265137,18000.0,7.560223579406738
1997-10-13,14.112500190734863,14.074999809265137,14.100000381469727,14.074999809265137,26500.0,7.493673324584961
1997-10-14,14.149999618530273,14.074999809265137,14.149999618530273,14.074999809265137,14000.0,7.493673324584961
1997-10-15,14.199999809265137,14.024999618530273,14.024999618530273,14.199999809265137,35000.0,7.560223579406738
1997-10-16,14.25,14.199999809265137,14.25,14.199999809265137,8000.0,7.560223579406738
1997-10-17,14.175000190734863,13.800000190734863,14.175000190734863,13.850000381469727,70000.0,7.3738813400268555
1997-10-20,14.050000190734863,14.0,14.0,14.050000190734863,62500.0,7.4803643226623535
1997-10-21,14.25,14.074999809265137,14.074999809265137,14.1875,40000.0,7.553567886352539
1997-10-22,14.300000190734863,14.149999618530273,14.199999809265137,14.149999618530273,36500.0,7.5336012840271
1997-10-23,13.850000381469727,13.6875,13.800000190734863,13.75,49500.0,7.320637226104736
1997-10-24,13.824999809265137,13.75,13.824999809265137,13.800000190734863,10500.0,7.347259044647217
1997-10-27,13.824999809265137,13.5,13.800000190734863,13.5,51000.0,7.187534809112549
1997-10-28,13.0,12.300000190734863,12.300000190734863,13.0,45500.0,6.921329498291016
1997-10-29,13.449999809265137,13.100000381469727,13.100000381469727,13.425000190734863,63000.0,7.1476054191589355
1997-10-30,12.612500190734863,12.5,12.5,12.600000381469727,77000.0,6.708367347717285
1997-10-31,13.199999809265137,13.149999618530273,13.199999809265137,13.149999618530273,44500.0,7.001192092895508
1997-11-03,13.25,13.199999809265137,13.199999809265137,13.199999809265137,6500.0,7.027816295623779
1997-11-04,13.574999809265137,13.25,13.25,13.574999809265137,64500.0,7.227468013763428
1997-11-05,13.649999618530273,13.449999809265137,13.574999809265137,13.649999618530273,21500.0,7.267397880554199
1997-11-06,13.75,13.600000381469727,13.699999809265137,13.600000381469727,8500.0,7.2407755851745605
1997-11-07,13.5,13.274999618530273,13.399999618530273,13.5,16000.0,7.187534809112549
1997-11-10,13.399999618530273,13.199999809265137,13.399999618530273,13.287500381469727,22500.0,7.074399471282959
1997-11-11,13.300000190734863,13.212499618530273,13.300000190734863,13.212499618530273,3500.0,7.034466743469238
1997-11-12,13.149999618530273,12.899999618530273,13.149999618530273,12.899999618530273,13000.0,6.868092060089111
1997-11-13,12.899999618530273,12.800000190734863,12.850000381469727,12.824999809265137,12500.0,6.828159332275391
1997-11-14,13.074999809265137,12.850000381469727,12.875,13.074999809265137,15500.0,6.9612603187561035
1997-11-17,13.212499618530273,13.0,13.0,13.212499618530273,22500.0,7.034466743469238
1997-11-18,13.199999809265137,13.175000190734863,13.199999809265137,13.175000190734863,2000.0,7.0145039558410645
1997-11-19,13.600000381469727,13.212499618530273,13.237500190734863,13.5,36000.0,7.187534809112549
1997-11-20,13.899999618530273,13.550000190734863,13.550000190734863,13.899999618530273,48500.0,7.400500297546387
1997-11-21,14.5,14.274999618530273,14.300000190734863,14.412500381469727,69000.0,7.673362731933594
1997-11-24,14.4375,14.199999809265137,14.4375,14.25,77000.0,7.586843013763428
1997-11-25,14.300000190734863,14.199999809265137,14.300000190734863,14.199999809265137,2500.0,7.560223579406738
1997-11-26,14.300000190734863,14.199999809265137,14.199999809265137,14.300000190734863,10000.0,7.613465309143066
1997-11-28,14.300000190734863,14.274999618530273,14.274999618530273,14.300000190734863,21000.0,7.613465309143066
1997-12-01,14.800000190734863,14.649999618530273,14.649999618530273,14.699999809265137,34500.0,7.8264288902282715
1997-12-02,14.925000190734863,14.699999809265137,14.699999809265137,14.925000190734863,10000.0,7.946221351623535
1997-12-03,14.899999618530273,14.787500381469727,14.899999618530273,14.850000381469727,60500.0,7.906291961669922
1997-12-04,14.925000190734863,14.875,14.875,14.925000190734863,1000.0,7.946221351623535
1997-12-05,14.800000190734863,14.550000190734863,14.800000190734863,14.75,38500.0,7.8530497550964355
1997-12-08,15.550000190734863,15.199999809265137,15.199999809265137,15.399999618530273,26500.0,8.199117660522461
1997-12-09,16.100000381469727,15.5,15.5,16.0,43000.0,8.518559455871582
1997-12-10,15.975000381469727,15.899999618530273,15.975000381469727,15.975000381469727,12000.0,8.505252838134766
1997-12-11,16.112499237060547,15.862500190734863,16.024999618530273,15.875,31500.0,8.452009201049805
1997-12-12,16.049999237060547,16.0,16.0,16.0,4500.0,8.518559455871582
1997-12-15,16.100000381469727,15.912500381469727,15.912500381469727,16.100000381469727,18500.0,8.571803092956543
1997-12-16,16.524999618530273,16.149999618530273,16.149999618530273,16.524999618530273,12500.0,8.798077583312988
1997-12-17,16.25,15.899999618530273,15.899999618530273,16.225000381469727,38000.0,8.638355255126953
1997-12-18,16.512500762939453,16.274999618530273,16.274999618530273,16.450000762939453,68500.0,8.758147239685059
1997-12-19,16.700000762939453,16.375,16.600000381469727,16.399999618530273,212000.0,8.731525421142578
1997-12-22,16.350000381469727,16.3125,16.350000381469727,16.350000381469727,89000.0,8.704903602600098
1997-12-23,16.399999618530273,16.262500762939453,16.399999618530273,16.299999237060547,83500.0,8.67828369140625
1997-12-24,16.350000381469727,16.299999237060547,16.350000381469727,16.299999237060547,6500.0,8.67828369140625
1997-12-26,16.299999237060547,16.100000381469727,16.200000762939453,16.299999237060547,9000.0,8.67828369140625
1997-12-29,16.850000381469727,16.424999237060547,16.600000381469727,16.762500762939453,117000.0,8.924522399902344
1997-12-30,16.875,16.712499618530273,16.712499618530273,16.875,22500.0,8.984420776367188
1997-12-31,17.25,16.950000762939453,17.0,17.25,23500.0,9.184076309204102
1998-01-02,17.25,17.100000381469727,17.174999237060547,17.25,7500.0,9.184076309204102
1998-01-05,16.837499618530273,16.700000762939453,16.700000762939453,16.799999237060547,39500.0,8.944491386413574
1998-01-06,16.75,16.649999618530273,16.75,16.649999618530273,7000.0,8.864628791809082
1998-01-07,16.612499237060547,16.612499237060547,16.612499237060547,16.612499237060547,3000.0,8.844659805297852
1998-01-08,16.649999618530273,16.649999618530273,16.649999618530273,16.649999618530273,10000.0,8.864628791809082
1998-01-09,16.600000381469727,16.25,16.600000381469727,16.299999237060547,24000.0,8.67828369140625
1998-01-12,16.100000381469727,15.699999809265137,16.100000381469727,15.875,40000.0,8.452009201049805
1998-01-13,15.824999809265137,15.824999809265137,15.824999809265137,15.824999809265137,1500.0,8.42539119720459
1998-01-14,15.824999809265137,15.8125,15.8125,15.8125,9500.0,8.41873550415039
1998-01-15,15.899999618530273,15.899999618530273,15.899999618530273,15.899999618530273,1000.0,8.46532154083252
1998-01-16,16.100000381469727,16.100000381469727,16.100000381469727,16.100000381469727,7500.0,8.571803092956543
1998-01-20,16.0,15.800000190734863,16.0,15.962499618530273,1500.0,8.4985990524292
1998-01-21,15.612500190734863,15.5,15.574999809265137,15.612500190734863,4500.0,8.31225299835205
1998-01-22,15.625,15.600000381469727,15.600000381469727,15.625,45000.0,8.3189115524292
1998-01-23,15.800000190734863,15.550000190734863,15.800000190734863,15.550000190734863,96000.0,8.27897834777832
1998-01-26,15.600000381469727,15.5,15.574999809265137,15.550000190734863,8000.0,8.27897834777832
1998-01-27,15.600000381469727,15.5,15.550000190734863,15.524999618530273,40500.0,8.265666961669922
1998-01-28,16.399999618530273,16.100000381469727,16.100000381469727,16.25,42000.0,8.651664733886719
1998-01-29,16.799999237060547,16.700000762939453,16.700000762939453,16.700000762939453,31000.0,8.89124870300293
1998-01-30,18.5,17.850000381469727,18.424999237060547,18.0625,136000.0,9.616654396057129
1998-02-02,18.112499237060547,17.987499237060547,17.987499237060547,18.112499237060547,44000.0,9.643278121948242
1998-02-03,18.25,18.049999237060547,18.0625,18.1875,35500.0,9.683209419250488
1998-02-04,18.0,18.0,18.0,18.0,5000.0,9.583380699157715
1998-02-05,18.0,18.0,18.0,18.0,3000.0,9.583380699157715
1998-02-06,18.049999237060547,18.0,18.049999237060547,18.0,1000.0,9.583380699157715
1998-02-09,18.149999618530273,18.100000381469727,18.100000381469727,18.149999618530273,5000.0,9.663239479064941
1998-02-10,18.5,18.25,18.25,18.387500762939453,14000.0,9.789688110351562
1998-02-11,18.450000762939453,18.299999237060547,18.450000762939453,18.399999618530273,13500.0,9.796344757080078
1998-02-12,18.5,18.299999237060547,18.350000381469727,18.5,9000.0,9.849586486816406
1998-02-13,18.424999237060547,18.399999618530273,18.399999618530273,18.412500381469727,31500.0,9.803003311157227
1998-02-17,19.299999237060547,19.149999618530273,19.25,19.1875,33500.0,10.215619087219238
1998-02-18,19.399999618530273,19.225000381469727,19.25,19.299999237060547,33500.0,10.2755126953125
1998-02-19,19.25,19.149999618530273,19.25,19.149999618530273,2000.0,10.195650100708008
1998-02-20,19.299999237060547,19.200000762939453,19.200000762939453,19.299999237060547,7000.0,10.2755126953125
1998-02-23,19.174999237060547,18.600000381469727,19.174999237060547,18.625,25000.0,9.916135787963867
1998-02-24,18.799999237060547,18.75,18.75,18.75,31000.0,9.982690811157227
1998-02-25,19.200000762939453,19.049999237060547,19.200000762939453,19.100000381469727,30000.0,10.169032096862793
1998-02-26,19.225000381469727,19.149999618530273,19.149999618530273,19.162500381469727,9500.0,10.202311515808105
1998-02-27,19.299999237060547,19.149999618530273,19.162500381469727,19.25,16000.0,10.248891830444336
1998-03-02,20.25,20.100000381469727,20.100000381469727,20.200000762939453,77000.0,10.754682540893555
1998-03-03,20.100000381469727,19.600000381469727,20.100000381469727,19.625,55500.0,10.448549270629883
1998-03-04,19.700000762939453,19.450000762939453,19.700000762939453,19.5,3500.0,10.382000923156738
1998-03-05,19.600000381469727,19.399999618530273,19.475000381469727,19.600000381469727,24500.0,10.435235977172852
1998-03-06,19.600000381469727,19.200000762939453,19.600000381469727,19.450000762939453,24500.0,10.355375289916992
1998-03-09,19.75,19.450000762939453,19.450000762939453,19.649999618530273,9500.0,10.461859703063965
1998-03-10,19.75,19.549999237060547,19.75,19.549999237060547,2500.0,10.408617973327637
1998-03-11,19.862499237060547,19.75,19.75,19.862499237060547,7000.0,10.574992179870605
1998-03-12,19.950000762939453,19.825000762939453,19.950000762939453,19.9375,13500.0,10.614921569824219
1998-03-13,19.9375,19.850000381469727,19.9375,19.850000381469727,1500.0,10.568339347839355
1998-03-16,20.049999237060547,19.862499237060547,19.862499237060547,20.0,12500.0,10.64820384979248
1998-03-17,21.0,20.799999237060547,20.850000381469727,20.799999237060547,54500.0,11.07413101196289
1998-03-18,21.350000381469727,21.149999618530273,21.149999618530273,21.149999618530273,58500.0,11.26047420501709
1998-03-19,21.850000381469727,21.75,21.75,21.799999237060547,11500.0,11.606541633605957
1998-03-20,22.0,21.799999237060547,21.850000381469727,22.0,34000.0,11.713029861450195
1998-03-23,21.850000381469727,21.549999237060547,21.75,21.549999237060547,36000.0,11.47343635559082
1998-03-24,21.575000762939453,21.5,21.575000762939453,21.5,3000.0,11.446816444396973
1998-03-25,21.625,21.549999237060547,21.600000381469727,21.549999237060547,37500.0,11.47343635559082
1998-03-26,21.899999618530273,21.799999237060547,21.899999618530273,21.799999237060547,11000.0,11.606541633605957
1998-03-27,21.799999237060547,21.799999237060547,21.799999237060547,21.799999237060547,0.0,11.606541633605957
1998-03-30,21.799999237060547,21.200000762939453,21.799999237060547,21.200000762939453,36000.0,11.287097930908203
1998-03-31,21.549999237060547,21.350000381469727,21.350000381469727,21.399999618530273,7500.0,11.393576622009277
1998-04-01,22.049999237060547,21.700000762939453,21.700000762939453,21.912500381469727,17500.0,12.082258224487305
1998-04-02,22.0,21.700000762939453,22.0,21.850000381469727,18500.0,12.047799110412598
1998-04-03,22.100000381469727,22.0,22.0,22.0,24000.0,12.130511283874512
1998-04-06,22.149999618530273,22.0,22.0,22.149999618530273,13500.0,12.213212966918945
1998-04-07,22.149999618530273,21.899999618530273,22.149999618530273,21.899999618530273,5000.0,12.075363159179688
1998-04-08,21.899999618530273,21.899999618530273,21.899999618530273,21.899999618530273,500.0,12.075363159179688
1998-04-09,22.174999237060547,22.0,22.0,22.174999237060547,4000.0,12.226994514465332
1998-04-13,22.200000762939453,22.100000381469727,22.200000762939453,22.200000762939453,4500.0,12.240781784057617
1998-04-14,23.575000762939453,23.350000381469727,23.350000381469727,23.475000381469727,28000.0,12.943800926208496
1998-04-15,24.700000762939453,24.350000381469727,24.700000762939453,24.649999618530273,9000.0,13.591682434082031
1998-04-16,24.600000381469727,24.200000762939453,24.549999237060547,24.200000762939453,22500.0,13.34355354309082
1998-04-17,24.799999237060547,24.399999618530273,24.799999237060547,24.399999618530273,16000.0,13.453832626342773
1998-04-20,24.649999618530273,24.5,24.600000381469727,24.5625,15000.0,13.543436050415039
1998-04-21,24.799999237060547,24.549999237060547,24.5625,24.799999237060547,7000.0,13.674385070800781
1998-04-22,24.899999618530273,24.899999618530273,24.899999618530273,24.899999618530273,2000.0,13.729525566101074
1998-04-23,23.700000762939453,22.899999618530273,23.700000762939453,23.200000762939453,19000.0,12.792167663574219
1998-04-24,22.5,22.200000762939453,22.5,22.299999237060547,29000.0,12.295920372009277
1998-04-27,22.299999237060547,21.450000762939453,22.299999237060547,21.825000762939453,24200.0,12.034008026123047
1998-04-28,22.0,21.399999618530273,21.799999237060547,21.399999618530273,37700.0,11.799670219421387
1998-04-29,22.100000381469727,21.200000762939453,22.100000381469727,21.399999618530273,53200.0,11.799670219421387
1998-04-30,22.799999237060547,22.325000762939453,22.524999618530273,22.600000381469727,71200.0,12.461333274841309
1998-05-01,22.799999237060547,22.5,22.700000762939453,22.600000381469727,10700.0,12.461333274841309
1998-05-04,22.799999237060547,22.700000762939453,22.700000762939453,22.799999237060547,3500.0,12.571612358093262
1998-05-05,22.549999237060547,22.200000762939453,22.549999237060547,22.299999237060547,17700.0,12.295920372009277
1998-05-06,22.25,22.100000381469727,22.25,22.174999237060547,7500.0,12.226994514465332
1998-05-07,22.0,21.200000762939453,22.0,21.5,28700.0,11.854808807373047
1998-05-08,22.25,21.549999237060547,21.549999237060547,22.049999237060547,21200.0,12.158075332641602
1998-05-11,22.049999237060547,21.950000762939453,22.0,21.950000762939453,3500.0,12.102937698364258
1998-05-12,22.049999237060547,21.600000381469727,22.049999237060547,21.600000381469727,19000.0,11.909951210021973
1998-05-13,21.899999618530273,21.850000381469727,21.850000381469727,21.899999618530273,4000.0,12.075363159179688
1998-05-14,21.299999237060547,21.0,21.299999237060547,21.0,5200.0,11.579119682312012
1998-05-15,21.700000762939453,21.100000381469727,21.100000381469727,21.575000762939453,10200.0,11.896162986755371
1998-05-18,21.799999237060547,21.5,21.700000762939453,21.5,46000.0,11.854808807373047
1998-05-19,21.600000381469727,21.5,21.549999237060547,21.600000381469727,3000.0,11.909951210021973
1998-05-20,22.200000762939453,21.899999618530273,21.899999618530273,22.174999237060547,10700.0,12.226994514465332
1998-05-21,22.700000762939453,21.299999237060547,22.5,21.799999237060547,102200.0,12.020227432250977
1998-05-22,21.899999618530273,21.850000381469727,21.850000381469727,21.850000381469727,3091700.0,12.047799110412598
1998-05-26,21.899999618530273,21.850000381469727,21.899999618530273,21.850000381469727,513000.0,12.047799110412598
1998-05-27,21.799999237060547,21.0,21.799999237060547,21.25,434200.0,11.716964721679688
1998-05-28,21.600000381469727,21.200000762939453,21.600000381469727,21.225000381469727,65700.0,11.703182220458984
1998-05-29,21.325000762939453,21.225000381469727,21.225000381469727,21.225000381469727,40200.0,11.703182220458984
1998-06-01,21.200000762939453,20.950000762939453,21.200000762939453,20.975000381469727,115000.0,11.565330505371094
1998-06-02,21.100000381469727,20.950000762939453,20.950000762939453,21.100000381469727,56700.0,11.634254455566406
1998-06-03,21.950000762939453,21.600000381469727,21.600000381469727,21.950000762939453,231500.0,12.102937698364258
1998-06-04,21.825000762939453,21.549999237060547,21.825000762939453,21.600000381469727,213500.0,11.909951210021973
1998-06-05,21.600000381469727,21.350000381469727,21.600000381469727,21.375,42200.0,11.785887718200684
1998-06-08,21.700000762939453,21.375,21.375,21.524999618530273,195500.0,11.868593215942383
1998-06-09,21.700000762939453,21.450000762939453,21.524999618530273,21.450000762939453,166700.0,11.827241897583008
1998-06-10,21.399999618530273,21.225000381469727,21.399999618530273,21.25,85200.0,11.716964721679688
1998-06-11,21.325000762939453,20.600000381469727,21.325000762939453,20.850000381469727,152500.0,11.49640941619873
1998-06-12,21.049999237060547,20.649999618530273,21.049999237060547,20.799999237060547,146700.0,11.468842506408691
1998-06-15,20.774999618530273,20.475000381469727,20.700000762939453,20.600000381469727,102500.0,11.358562469482422
1998-06-16,20.700000762939453,20.299999237060547,20.674999237060547,20.299999237060547,16200.0,11.193143844604492
1998-06-17,20.825000762939453,20.625,20.649999618530273,20.674999237060547,165200.0,11.399916648864746
1998-06-18,20.549999237060547,19.600000381469727,20.549999237060547,20.100000381469727,53500.0,11.082866668701172
1998-06-19,20.25,20.100000381469727,20.149999618530273,20.100000381469727,53200.0,11.082866668701172
1998-06-22,19.549999237060547,19.325000762939453,19.549999237060547,19.325000762939453,123500.0,10.655549049377441
1998-06-23,19.850000381469727,19.625,19.625,19.700000762939453,216200.0,10.862316131591797
1998-06-24,19.825000762939453,19.399999618530273,19.700000762939453,19.825000762939453,50000.0,10.93123722076416
1998-06-25,20.399999618530273,19.850000381469727,19.850000381469727,20.0,257000.0,11.027730941772461
1998-06-26,20.125,19.950000762939453,19.950000762939453,20.049999237060547,118700.0,11.055298805236816
1998-06-29,20.075000762939453,19.600000381469727,20.049999237060547,19.700000762939453,363000.0,10.862316131591797
1998-06-30,19.850000381469727,19.625,19.674999237060547,19.649999618530273,13200.0,10.834745407104492
1998-07-01,20.399999618530273,20.049999237060547,20.049999237060547,20.25,45000.0,11.165580749511719
1998-07-02,20.450000762939453,20.25,20.25,20.450000762939453,51700.0,11.275856018066406
1998-07-06,20.825000762939453,20.549999237060547,20.575000762939453,20.825000762939453,18500.0,11.482623100280762
1998-07-07,21.600000381469727,21.399999618530273,21.399999618530273,21.399999618530273,105700.0,11.799670219421387
1998-07-08,21.299999237060547,21.0,21.299999237060547,21.149999618530273,162000.0,11.661826133728027
1998-07-09,21.700000762939453,21.200000762939453,21.299999237060547,21.200000762939453,51700.0,11.689400672912598
1998-07-10,21.799999237060547,21.649999618530273,21.649999618530273,21.700000762939453,95700.0,11.965092658996582
1998-07-13,22.049999237060547,21.899999618530273,21.924999237060547,22.0,334200.0,12.130511283874512
1998-07-14,22.725000381469727,22.075000762939453,22.575000762939453,22.225000381469727,319500.0,12.25456714630127
1998-07-15,22.600000381469727,22.299999237060547,22.375,22.299999237060547,139700.0,12.295920372009277
1998-07-16,22.399999618530273,22.100000381469727,22.100000381469727,22.25,117200.0,12.268351554870605
1998-07-17,22.725000381469727,22.524999618530273,22.524999618530273,22.725000381469727,199000.0,12.530257225036621
1998-07-20,23.0,22.649999618530273,22.75,22.850000381469727,54500.0,12.5991849899292
1998-07-21,22.875,22.799999237060547,22.799999237060547,22.799999237060547,29500.0,12.571612358093262
1998-07-22,22.700000762939453,22.299999237060547,22.700000762939453,22.350000381469727,27500.0,12.323488235473633
1998-07-23,22.549999237060547,22.399999618530273,22.399999618530273,22.450000762939453,70500.0,12.378633499145508
1998-07-24,23.700000762939453,22.549999237060547,22.549999237060547,23.399999618530273,131000.0,12.902446746826172
1998-07-27,23.100000381469727,22.600000381469727,23.100000381469727,22.799999237060547,51500.0,12.571612358093262
1998-07-28,22.899999618530273,22.700000762939453,22.700000762939453,22.799999237060547,59000.0,12.571612358093262
1998-07-29,23.0,22.75,22.850000381469727,22.825000762939453,58700.0,12.585407257080078
1998-07-30,23.649999618530273,23.450000762939453,23.649999618530273,23.5,140000.0,12.957582473754883
1998-07-31,23.5,23.0,23.5,23.0,36200.0,12.681888580322266
1998-08-03,22.649999618530273,22.200000762939453,22.649999618530273,22.200000762939453,38000.0,12.240781784057617
1998-08-04,22.25,21.200000762939453,22.25,21.200000762939453,126500.0,11.689400672912598
1998-08-05,20.149999618530273,19.350000381469727,20.149999618530273,19.350000381469727,581500.0,10.669334411621094
1998-08-06,19.5,19.049999237060547,19.399999618530273,19.049999237060547,233200.0,10.503914833068848
1998-08-07,19.5,18.674999237060547,19.299999237060547,18.799999237060547,245700.0,10.366070747375488
1998-08-10,18.700000762939453,18.149999618530273,18.674999237060547,18.299999237060547,217700.0,10.090373992919922
1998-08-11,18.350000381469727,17.799999237060547,18.350000381469727,18.049999237060547,21700.0,9.952530860900879
1998-08-12,18.600000381469727,18.100000381469727,18.149999618530273,18.600000381469727,74200.0,10.25578784942627
1998-08-13,18.5,17.600000381469727,18.200000762939453,17.799999237060547,90500.0,9.814678192138672
1998-08-14,18.725000381469727,18.399999618530273,18.549999237060547,18.399999618530273,111000.0,10.145511627197266
1998-08-17,19.149999618530273,18.75,18.75,19.149999618530273,40700.0,10.559050559997559
1998-08-18,20.399999618530273,19.825000762939453,19.899999618530273,20.399999618530273,31200.0,11.248284339904785
1998-08-19,20.799999237060547,20.549999237060547,20.700000762939453,20.549999237060547,73000.0,11.330997467041016
1998-08-20,20.0,19.899999618530273,19.899999618530273,19.899999618530273,4500.0,10.972593307495117
1998-08-21,19.700000762939453,19.200000762939453,19.600000381469727,19.25,42500.0,10.614192962646484
1998-08-24,19.25,18.950000762939453,19.200000762939453,19.0,33200.0,10.476341247558594
1998-08-25,19.825000762939453,19.600000381469727,19.600000381469727,19.600000381469727,34200.0,10.80717658996582
1998-08-26,19.299999237060547,19.200000762939453,19.299999237060547,19.200000762939453,9200.0,10.58662223815918
1998-08-27,18.399999618530273,17.850000381469727,18.399999618530273,17.975000381469727,131000.0,9.911172866821289
1998-08-28,16.299999237060547,15.699999809265137,16.299999237060547,15.800000190734863,103200.0,8.711909294128418
1998-08-31,15.899999618530273,15.100000381469727,15.899999618530273,15.100000381469727,12700.0,8.325936317443848
1998-09-01,15.199999809265137,13.899999618530273,15.199999809265137,14.600000381469727,147000.0,8.050243377685547
1998-09-02,15.5,14.399999618530273,15.5,14.574999809265137,124000.0,8.178174018859863
1998-09-03,14.5,14.100000381469727,14.5,14.100000381469727,18500.0,7.91165018081665
1998-09-04,14.800000190734863,14.5,14.800000190734863,14.5,19700.0,8.136091232299805
1998-09-08,16.25,15.0,15.0,16.200000762939453,53000.0,9.089978218078613
1998-09-09,16.100000381469727,15.75,16.100000381469727,15.774999618530273,104000.0,8.851506233215332
1998-09-10,15.350000381469727,15.125,15.350000381469727,15.149999618530273,3500.0,8.500814437866211
1998-09-11,14.75,14.0,14.0,14.649999618530273,46000.0,8.220260620117188
1998-09-14,15.100000381469727,14.199999809265137,14.199999809265137,14.5,304000.0,8.136091232299805
1998-09-15,14.0,13.649999618530273,14.0,13.800000190734863,71500.0,7.743316173553467
1998-09-16,13.975000381469727,13.850000381469727,13.899999618530273,13.850000381469727,15500.0,7.771371841430664
1998-09-17,13.899999618530273,13.600000381469727,13.75,13.899999618530273,16500.0,7.7994303703308105
1998-09-18,13.975000381469727,13.699999809265137,13.899999618530273,13.699999809265137,20200.0,7.6872076988220215
1998-09-21,13.300000190734863,13.199999809265137,13.300000190734863,13.225000381469727,8500.0,7.420679569244385
1998-09-22,13.350000381469727,12.949999809265137,13.225000381469727,12.949999809265137,54200.0,7.266374111175537
1998-09-23,13.024999618530273,12.875,12.899999618530273,13.0,135700.0,7.294427394866943
1998-09-24,13.0,12.800000190734863,13.0,12.800000190734863,231000.0,7.182205677032471
1998-09-25,11.949999809265137,10.899999618530273,11.0,11.75,331200.0,6.593040943145752
1998-09-28,12.600000381469727,11.824999809265137,11.850000381469727,12.375,46200.0,6.943734169006348
1998-09-29,12.399999618530273,12.25,12.399999618530273,12.274999618530273,44700.0,6.887625217437744
1998-09-30,11.899999618530273,11.399999618530273,11.899999618530273,11.600000381469727,84500.0,6.508876323699951
1998-10-01,10.649999618530273,10.0,10.5,10.175000190734863,47200.0,5.709291458129883
1998-10-02,10.100000381469727,9.199999809265137,10.100000381469727,9.5,102700.0,5.330544471740723
1998-10-05,9.199999809265137,8.649999618530273,8.800000190734863,8.774999618530273,122200.0,4.923740386962891
1998-10-06,9.550000190734863,8.625,9.300000190734863,8.625,298200.0,4.839574337005615
1998-10-07,9.550000190734863,9.100000381469727,9.100000381469727,9.550000190734863,399700.0,5.358600616455078
1998-10-08,9.199999809265137,8.600000381469727,8.600000381469727,9.0,71000.0,5.049989700317383
1998-10-09,10.899999618530273,10.399999618530273,10.399999618530273,10.899999618530273,46200.0,6.116098880767822
1998-10-12,12.375,11.800000190734863,11.899999618530273,11.800000190734863,113500.0,6.621096134185791
1998-10-13,11.875,11.699999809265137,11.75,11.875,13000.0,6.663180351257324
1998-10-14,11.774999618530273,11.199999809265137,11.25,11.699999809265137,11700.0,6.56498384475708
1998-10-15,12.600000381469727,11.600000381469727,11.675000190734863,12.600000381469727,32200.0,7.069985866546631
1998-10-16,13.300000190734863,12.800000190734863,12.800000190734863,13.199999809265137,66000.0,7.406648635864258
1998-10-19,13.324999809265137,12.899999618530273,13.199999809265137,13.324999809265137,22700.0,7.476792812347412
1998-10-20,13.475000381469727,13.25,13.25,13.399999618530273,10700.0,7.518870830535889
1998-10-21,13.449999809265137,13.199999809265137,13.449999809265137,13.300000190734863,4500.0,7.462760925292969
1998-10-22,13.25,12.800000190734863,13.199999809265137,13.0,48700.0,7.294427394866943
1998-10-23,12.350000381469727,11.75,12.350000381469727,12.050000190734863,33000.0,6.761371612548828
1998-10-26,12.399999618530273,12.300000190734863,12.300000190734863,12.324999809265137,17200.0,6.915678977966309
1998-10-27,12.600000381469727,12.25,12.25,12.324999809265137,72200.0,6.915678977966309
1998-10-28,13.300000190734863,13.050000190734863,13.100000381469727,13.199999809265137,65700.0,7.406648635864258
1998-10-29,14.100000381469727,13.449999809265137,13.899999618530273,13.449999809265137,101000.0,7.546926498413086
1998-10-30,15.199999809265137,14.649999618530273,14.875,14.649999618530273,132000.0,8.220260620117188
1998-11-02,15.399999618530273,15.199999809265137,15.199999809265137,15.350000381469727,27200.0,8.613035202026367
1998-11-03,15.600000381469727,15.300000190734863,15.600000381469727,15.300000190734863,23200.0,8.584980010986328
1998-11-04,15.449999809265137,15.199999809265137,15.25,15.449999809265137,19700.0,8.669146537780762
1998-11-05,15.149999618530273,14.850000381469727,15.149999618530273,14.925000190734863,17200.0,8.374566078186035
1998-11-06,15.100000381469727,15.0,15.0,15.100000381469727,18000.0,8.472758293151855
1998-11-09,14.949999809265137,14.725000381469727,14.899999618530273,14.774999618530273,4000.0,8.290401458740234
1998-11-10,14.675000190734863,14.100000381469727,14.675000190734863,14.274999618530273,13000.0,8.009841918945312
1998-11-11,14.399999618530273,14.324999809265137,14.375,14.375,20200.0,8.065954208374023
1998-11-12,14.350000381469727,14.149999618530273,14.274999618530273,14.149999618530273,14500.0,7.939703941345215
1998-11-13,14.25,14.149999618530273,14.199999809265137,14.25,2500.0,7.995818614959717
1998-11-16,14.399999618530273,14.25,14.350000381469727,14.399999618530273,12000.0,8.079983711242676
1998-11-17,14.5,14.199999809265137,14.399999618530273,14.399999618530273,29500.0,8.079983711242676
1998-11-18,14.399999618530273,13.774999618530273,14.399999618530273,13.975000381469727,35500.0,7.841511249542236
1998-11-19,13.925000190734863,13.5,13.800000190734863,13.774999618530273,108200.0,7.729286193847656
1998-11-20,14.800000190734863,14.25,14.25,14.699999809265137,34700.0,8.248315811157227
1998-11-23,16.100000381469727,15.449999809265137,15.449999809265137,16.049999237060547,29500.0,9.005815505981445
1998-11-24,16.149999618530273,15.649999618530273,16.049999237060547,15.699999809265137,56700.0,8.809428215026855
1998-11-25,15.600000381469727,15.399999618530273,15.600000381469727,15.5,14000.0,8.697205543518066
1998-11-27,16.399999618530273,16.0,16.0,16.399999618530273,10200.0,9.202203750610352
1998-11-30,16.299999237060547,15.899999618530273,16.299999237060547,16.049999237060547,15200.0,9.005815505981445
1998-12-01,15.324999809265137,15.024999618530273,15.324999809265137,15.199999809265137,19000.0,8.52886962890625
1998-12-02,15.199999809265137,15.0,15.199999809265137,15.175000190734863,4500.0,8.514843940734863
1998-12-03,14.899999618530273,14.600000381469727,14.899999618530273,14.649999618530273,7000.0,8.220260620117188
1998-12-04,14.850000381469727,14.399999618530273,14.5,14.800000190734863,28000.0,8.304423332214355
1998-12-07,14.699999809265137,14.100000381469727,14.699999809265137,14.475000381469727,28000.0,8.122066497802734
1998-12-08,14.725000381469727,14.300000190734863,14.449999809265137,14.600000381469727,53000.0,8.1922025680542
1998-12-09,14.5,14.199999809265137,14.5,14.25,10200.0,7.995818614959717
1998-12-10,14.199999809265137,13.949999809265137,14.199999809265137,13.949999809265137,6700.0,7.827483654022217
1998-12-11,14.5,14.350000381469727,14.350000381469727,14.350000381469727,16700.0,8.051925659179688
1998-12-14,14.800000190734863,14.25,14.350000381469727,14.75,32500.0,8.276371002197266
1998-12-15,14.699999809265137,14.600000381469727,14.699999809265137,14.675000190734863,64000.0,8.234288215637207
1998-12-16,14.550000190734863,14.199999809265137,14.550000190734863,14.199999809265137,19700.0,7.9677605628967285
1998-12-17,14.399999618530273,14.050000190734863,14.25,14.300000190734863,50200.0,8.023869514465332
1998-12-18,15.199999809265137,14.699999809265137,14.699999809265137,14.800000190734863,48000.0,8.304423332214355
1998-12-21,15.600000381469727,14.899999618530273,14.899999618530273,15.5,104000.0,8.697205543518066
1998-12-22,15.800000190734863,15.524999618530273,15.699999809265137,15.524999618530273,201700.0,8.711234092712402
1998-12-23,15.475000381469727,15.25,15.475000381469727,15.25,15200.0,8.556921005249023
1998-12-24,15.300000190734863,15.199999809265137,15.199999809265137,15.199999809265137,4200.0,8.52886962890625
1998-12-28,15.449999809265137,15.25,15.25,15.399999618530273,15700.0,8.641087532043457
1998-12-29,15.800000190734863,15.600000381469727,15.649999618530273,15.600000381469727,13500.0,8.753313064575195
1998-12-30,15.699999809265137,15.5,15.649999618530273,15.5,6700.0,8.697205543518066
1998-12-31,15.5,15.350000381469727,15.5,15.399999618530273,14000.0,8.641087532043457
1999-01-04,16.25,15.300000190734863,15.425000190734863,16.100000381469727,37700.0,9.033869743347168
1999-01-05,16.100000381469727,16.0,16.0,16.0,19700.0,8.97775650024414
1999-01-06,17.399999618530273,16.600000381469727,16.600000381469727,17.350000381469727,29500.0,9.735262870788574
1999-01-07,17.450000762939453,17.274999618530273,17.399999618530273,17.274999618530273,16000.0,9.6931734085083
1999-01-08,17.950000762939453,17.600000381469727,17.600000381469727,17.725000381469727,33700.0,9.945673942565918
1999-01-11,18.399999618530273,18.0,18.0,18.25,17000.0,10.240257263183594
1999-01-12,18.0,17.700000762939453,18.0,17.700000762939453,9000.0,9.931644439697266
1999-01-13,16.600000381469727,16.200000762939453,16.600000381469727,16.299999237060547,14700.0,9.146090507507324
1999-01-14,16.625,16.299999237060547,16.625,16.299999237060547,13200.0,9.146090507507324
1999-01-15,16.200000762939453,16.075000762939453,16.100000381469727,16.200000762939453,40200.0,9.089978218078613
1999-01-19,17.950000762939453,17.399999618530273,17.899999618530273,17.399999618530273,29500.0,9.763314247131348
1999-01-20,17.700000762939453,17.399999618530273,17.399999618530273,17.700000762939453,22200.0,9.931644439697266
1999-01-21,18.200000762939453,17.700000762939453,17.799999237060547,17.774999618530273,263000.0,9.973729133605957
1999-01-22,17.399999618530273,16.799999237060547,17.399999618530273,16.899999618530273,132500.0,9.482757568359375
1999-01-25,16.950000762939453,16.350000381469727,16.950000762939453,16.399999618530273,92500.0,9.202203750610352
1999-01-26,16.5,16.399999618530273,16.5,16.5,5700.0,9.25831127166748
1999-01-27,16.600000381469727,16.5,16.600000381469727,16.5,22500.0,9.25831127166748
1999-01-28,16.950000762939453,16.600000381469727,16.600000381469727,16.899999618530273,9200.0,9.482757568359375
1999-01-29,16.799999237060547,16.649999618530273,16.799999237060547,16.649999618530273,4500.0,9.342480659484863
1999-02-01,17.600000381469727,17.200000762939453,17.200000762939453,17.5,112000.0,9.81942081451416
1999-02-02,17.700000762939453,17.25,17.549999237060547,17.25,55700.0,9.67914867401123
1999-02-03,17.600000381469727,17.375,17.5,17.424999237060547,11700.0,9.777339935302734
1999-02-04,18.100000381469727,17.524999618530273,18.0,17.549999237060547,13500.0,9.847480773925781
1999-02-05,17.375,17.0,17.350000381469727,17.049999237060547,19500.0,9.566922187805176
1999-02-08,17.700000762939453,17.200000762939453,17.25,17.700000762939453,33700.0,9.931644439697266
1999-02-09,17.75,17.575000762939453,17.600000381469727,17.700000762939453,14700.0,9.931644439697266
1999-02-10,17.399999618530273,17.200000762939453,17.399999618530273,17.200000762939453,9700.0,9.651090621948242
1999-02-11,17.75,17.200000762939453,17.200000762939453,17.75,10500.0,9.959701538085938
1999-02-12,18.200000762939453,18.0,18.0,18.100000381469727,19500.0,10.156091690063477
1999-02-16,19.600000381469727,19.0,19.0,19.225000381469727,51700.0,10.787337303161621
1999-02-17,19.5,18.799999237060547,19.399999618530273,18.799999237060547,11500.0,10.548868179321289
1999-02-18,19.0,18.875,19.0,18.875,2200.0,10.590949058532715
1999-02-19,18.950000762939453,18.75,18.75,18.850000381469727,5200.0,10.576921463012695
1999-02-22,19.049999237060547,18.700000762939453,18.700000762939453,19.0,19000.0,10.661088943481445
1999-02-23,19.200000762939453,18.950000762939453,19.100000381469727,19.0,7500.0,10.661088943481445
1999-02-24,19.600000381469727,19.100000381469727,19.200000762939453,19.100000381469727,64200.0,10.717201232910156
1999-02-25,19.450000762939453,19.200000762939453,19.200000762939453,19.299999237060547,83200.0,10.82941722869873
1999-02-26,19.600000381469727,19.350000381469727,19.350000381469727,19.524999618530273,17200.0,10.955671310424805
1999-03-01,19.549999237060547,18.899999618530273,19.549999237060547,19.200000762939453,17000.0,10.773308753967285
1999-03-02,20.0,19.600000381469727,19.700000762939453,19.600000381469727,34500.0,10.997751235961914
1999-03-03,19.899999618530273,19.549999237060547,19.799999237060547,19.649999618530273,17200.0,11.025810241699219
1999-03-04,19.549999237060547,19.200000762939453,19.549999237060547,19.200000762939453,32000.0,10.773308753967285
1999-03-05,19.600000381469727,19.299999237060547,19.299999237060547,19.600000381469727,11000.0,10.997751235961914
1999-03-08,19.575000762939453,19.325000762939453,19.575000762939453,19.399999618530273,12200.0,10.885530471801758
1999-03-09,19.399999618530273,19.350000381469727,19.350000381469727,19.350000381469727,2200.0,10.8574800491333
1999-03-10,19.975000381469727,19.350000381469727,19.350000381469727,19.924999237060547,25200.0,11.180119514465332
1999-03-11,21.600000381469727,20.774999618530273,21.399999618530273,20.799999237060547,83000.0,11.671090126037598
1999-03-12,20.700000762939453,20.25,20.700000762939453,20.25,9000.0,11.362476348876953
1999-03-15,19.975000381469727,19.674999237060547,19.899999618530273,19.674999237060547,9000.0,11.039835929870605
1999-03-16,20.350000381469727,20.100000381469727,20.100000381469727,20.100000381469727,77000.0,11.27830696105957
1999-03-17,20.049999237060547,19.75,20.049999237060547,19.75,6500.0,11.081917762756348
1999-03-18,20.200000762939453,19.600000381469727,19.600000381469727,19.700000762939453,63700.0,11.053864479064941
1999-03-19,19.799999237060547,19.700000762939453,19.75,19.799999237060547,9000.0,11.109972953796387
1999-03-22,20.399999618530273,19.875,19.875,20.399999618530273,13200.0,11.446638107299805
1999-03-23,20.25,20.0,20.25,20.0,8000.0,11.222198486328125
1999-03-24,19.950000762939453,19.674999237060547,19.950000762939453,19.774999618530273,33700.0,11.095945358276367
1999-03-25,19.674999237060547,19.350000381469727,19.674999237060547,19.350000381469727,18700.0,10.8574800491333
1999-03-26,19.899999618530273,19.399999618530273,19.399999618530273,19.899999618530273,28700.0,11.166089057922363
1999-03-29,20.200000762939453,19.850000381469727,19.899999618530273,20.0,33200.0,11.222198486328125
1999-03-30,20.549999237060547,19.899999618530273,19.899999618530273,20.450000762939453,33000.0,11.474699974060059
1999-03-31,20.5,20.475000381469727,20.5,20.475000381469727,6500.0,11.488719940185547
1999-04-01,20.25,20.100000381469727,20.100000381469727,20.200000762939453,23000.0,11.579011917114258
1999-04-05,20.125,20.100000381469727,20.100000381469727,20.125,1000.0,11.536016464233398
1999-04-06,20.049999237060547,19.774999618530273,20.049999237060547,19.774999618530273,2700.0,11.335393905639648
1999-04-07,19.600000381469727,19.25,19.600000381469727,19.299999237060547,12700.0,11.063111305236816
1999-04-08,19.25,19.100000381469727,19.149999618530273,19.225000381469727,20700.0,11.020118713378906
1999-04-09,19.674999237060547,19.399999618530273,19.399999618530273,19.549999237060547,7000.0,11.206412315368652
1999-04-12,20.399999618530273,19.899999618530273,19.899999618530273,20.225000381469727,89700.0,11.593335151672363
1999-04-13,21.649999618530273,21.200000762939453,21.200000762939453,21.549999237060547,28000.0,12.35285472869873
1999-04-14,22.200000762939453,21.899999618530273,21.924999237060547,22.100000381469727,17700.0,12.668121337890625
1999-04-15,21.825000762939453,20.799999237060547,21.825000762939453,20.825000762939453,20500.0,11.937265396118164
1999-04-16,20.700000762939453,20.399999618530273,20.700000762939453,20.450000762939453,11700.0,11.72231388092041
1999-04-19,21.299999237060547,20.350000381469727,20.350000381469727,21.149999618530273,23500.0,12.12356185913086
1999-04-20,20.774999618530273,20.200000762939453,20.75,20.299999237060547,92000.0,11.636330604553223
1999-04-21,20.200000762939453,20.100000381469727,20.200000762939453,20.100000381469727,5000.0,11.521688461303711
1999-04-22,20.200000762939453,20.0,20.100000381469727,20.149999618530273,19200.0,11.550347328186035
1999-04-23,21.0,20.600000381469727,20.700000762939453,20.950000762939453,23700.0,12.008923530578613
1999-04-26,21.799999237060547,21.049999237060547,21.049999237060547,21.774999618530273,38000.0,12.481823921203613
1999-04-27,22.600000381469727,22.024999618530273,22.024999618530273,22.200000762939453,25700.0,12.725448608398438
1999-04-28,22.375,22.100000381469727,22.299999237060547,22.375,7700.0,12.825756072998047
1999-04-29,22.100000381469727,21.600000381469727,22.100000381469727,21.700000762939453,22000.0,12.438837051391602
1999-04-30,22.0,21.5,21.700000762939453,21.825000762939453,43500.0,12.510485649108887
1999-05-03,21.75,21.549999237060547,21.75,21.575000762939453,3000.0,12.367179870605469
1999-05-04,21.600000381469727,21.399999618530273,21.600000381469727,21.399999618530273,19200.0,12.26686954498291
1999-05-05,21.200000762939453,20.5,21.200000762939453,20.649999618530273,40500.0,11.836950302124023
1999-05-06,20.649999618530273,20.100000381469727,20.649999618530273,20.200000762939453,20200.0,11.579011917114258
1999-05-07,20.0,19.700000762939453,19.700000762939453,20.0,166200.0,11.464364051818848
1999-05-10,20.100000381469727,19.899999618530273,19.899999618530273,20.100000381469727,5500.0,11.521688461303711
1999-05-11,20.100000381469727,19.799999237060547,20.075000762939453,20.100000381469727,46200.0,11.521688461303711
1999-05-12,20.100000381469727,19.725000381469727,20.100000381469727,20.0,15500.0,11.464364051818848
1999-05-13,21.0,20.350000381469727,20.350000381469727,21.0,11000.0,12.037582397460938
1999-05-14,20.899999618530273,20.0,20.899999618530273,20.0,15200.0,11.464364051818848
1999-05-17,19.625,19.0,19.625,19.049999237060547,11000.0,10.919806480407715
1999-05-18,19.299999237060547,19.0,19.049999237060547,19.25,16200.0,11.03445053100586
1999-05-19,19.424999237060547,19.350000381469727,19.350000381469727,19.424999237060547,1500.0,11.134757995605469
1999-05-20,20.200000762939453,19.524999618530273,19.524999618530273,20.024999618530273,22500.0,11.478692054748535
1999-05-21,19.649999618530273,19.399999618530273,19.649999618530273,19.450000762939453,14700.0,11.149093627929688
1999-05-24,19.700000762939453,19.399999618530273,19.549999237060547,19.399999618530273,7200.0,11.120429992675781
1999-05-25,19.600000381469727,19.299999237060547,19.299999237060547,19.600000381469727,8700.0,11.235074996948242
1999-05-26,19.399999618530273,19.299999237060547,19.350000381469727,19.325000762939453,51700.0,11.077442169189453
1999-05-27,18.799999237060547,18.600000381469727,18.799999237060547,18.600000381469727,7700.0,10.661855697631836
1999-05-28,19.0,18.700000762939453,18.700000762939453,18.850000381469727,45500.0,10.805161476135254
1999-06-01,18.950000762939453,18.799999237060547,18.950000762939453,18.799999237060547,3000.0,10.77649974822998
1999-06-02,18.825000762939453,18.549999237060547,18.700000762939453,18.825000762939453,40700.0,10.7908353805542
1999-06-03,18.674999237060547,18.549999237060547,18.600000381469727,18.674999237060547,8500.0,10.704849243164062
1999-06-04,18.399999618530273,18.0,18.399999618530273,18.174999237060547,67200.0,10.418243408203125
1999-06-07,18.399999618530273,18.100000381469727,18.100000381469727,18.350000381469727,15000.0,10.518556594848633
1999-06-08,18.274999618530273,18.0,18.274999618530273,18.0,7000.0,10.317926406860352
1999-06-09,18.0,17.975000381469727,18.0,17.975000381469727,67500.0,10.303594589233398
1999-06-10,17.899999618530273,17.600000381469727,17.899999618530273,17.600000381469727,3200.0,10.088638305664062
1999-06-11,17.600000381469727,17.600000381469727,17.600000381469727,17.600000381469727,0.0,10.088638305664062
1999-06-14,17.975000381469727,17.700000762939453,17.700000762939453,17.975000381469727,9200.0,10.303594589233398
1999-06-15,17.850000381469727,17.549999237060547,17.850000381469727,17.674999237060547,7500.0,10.131627082824707
1999-06-16,17.700000762939453,17.700000762939453,17.700000762939453,17.700000762939453,200.0,10.145963668823242
1999-06-17,18.0,17.799999237060547,17.799999237060547,18.0,7000.0,10.317926406860352
1999-06-18,18.049999237060547,18.0,18.049999237060547,18.0,1500.0,10.317926406860352
1999-06-21,18.399999618530273,18.100000381469727,18.100000381469727,18.399999618530273,11700.0,10.547216415405273
1999-06-22,18.325000762939453,18.225000381469727,18.299999237060547,18.225000381469727,4200.0,10.446903228759766
1999-06-23,17.899999618530273,17.649999618530273,17.899999618530273,17.649999618530273,34200.0,10.117301940917969
1999-06-24,17.399999618530273,17.125,17.399999618530273,17.125,12200.0,9.816359519958496
1999-06-25,17.125,17.024999618530273,17.125,17.049999237060547,5700.0,9.773370742797852
1999-06-28,18.399999618530273,17.774999618530273,17.799999237060547,18.149999618530273,98200.0,10.403905868530273
1999-06-29,18.149999618530273,17.850000381469727,18.149999618530273,17.950000762939453,33500.0,10.289268493652344
1999-06-30,18.600000381469727,17.899999618530273,17.899999618530273,18.600000381469727,23000.0,10.661855697631836
1999-07-01,18.600000381469727,18.399999618530273,18.600000381469727,18.399999618530273,8700.0,10.547216415405273
1999-07-02,18.899999618530273,18.799999237060547,18.899999618530273,18.899999618530273,4200.0,10.833828926086426
1999-07-06,19.125,19.0,19.0,19.125,9000.0,10.962798118591309
1999-07-07,19.049999237060547,18.825000762939453,19.049999237060547,19.0,17500.0,10.891145706176758
1999-07-08,19.149999618530273,18.975000381469727,18.975000381469727,19.149999618530273,1500.0,10.977128982543945
1999-07-09,20.549999237060547,20.100000381469727,20.100000381469727,20.549999237060547,31000.0,11.779633522033691
1999-07-12,20.899999618530273,20.549999237060547,20.549999237060547,20.75,18700.0,11.894274711608887
1999-07-13,20.200000762939453,19.600000381469727,20.200000762939453,19.700000762939453,24000.0,11.292402267456055
1999-07-14,19.899999618530273,19.799999237060547,19.899999618530273,19.799999237060547,1000.0,11.349721908569336
1999-07-15,20.024999618530273,19.899999618530273,19.950000762939453,20.024999618530273,24700.0,11.478692054748535
1999-07-16,19.899999618530273,19.600000381469727,19.899999618530273,19.649999618530273,4700.0,11.263739585876465
1999-07-19,20.200000762939453,19.700000762939453,19.700000762939453,20.149999618530273,17500.0,11.550347328186035
1999-07-20,20.200000762939453,20.0,20.100000381469727,20.100000381469727,7000.0,11.521688461303711
1999-07-21,19.924999237060547,19.350000381469727,19.924999237060547,19.399999618530273,29700.0,11.120429992675781
1999-07-22,18.924999237060547,18.549999237060547,18.899999618530273,18.725000381469727,17000.0,10.733508110046387
1999-07-23,19.200000762939453,19.0,19.0,19.100000381469727,32200.0,10.948470115661621
1999-07-26,19.0,18.899999618530273,19.0,18.899999618530273,3700.0,10.833828926086426
1999-07-27,18.875,18.700000762939453,18.875,18.700000762939453,7000.0,10.719182014465332
1999-07-28,18.600000381469727,18.299999237060547,18.600000381469727,18.399999618530273,15500.0,10.547216415405273
1999-07-29,18.350000381469727,18.149999618530273,18.299999237060547,18.325000762939453,9000.0,10.504223823547363
1999-07-30,18.549999237060547,18.399999618530273,18.399999618530273,18.5,9200.0,10.604538917541504
1999-08-02,17.850000381469727,17.674999237060547,17.850000381469727,17.75,15200.0,10.174622535705566
1999-08-03,18.0,17.700000762939453,17.700000762939453,18.0,9500.0,10.317926406860352
1999-08-04,18.100000381469727,17.924999237060547,18.100000381469727,17.924999237060547,2500.0,10.274934768676758
1999-08-05,17.5,17.25,17.399999618530273,17.5,23500.0,10.031318664550781
1999-08-06,17.024999618530273,16.700000762939453,17.0,16.700000762939453,11500.0,9.572746276855469
1999-08-09,16.899999618530273,16.700000762939453,16.700000762939453,16.899999618530273,7500.0,9.68738842010498
1999-08-10,16.424999237060547,15.899999618530273,16.399999618530273,15.949999809265137,52500.0,9.142829895019531
1999-08-11,15.850000381469727,15.675000190734863,15.850000381469727,15.800000190734863,4500.0,9.056848526000977
1999-08-12,16.200000762939453,15.800000190734863,15.800000190734863,16.100000381469727,14500.0,9.228812217712402
1999-08-13,16.799999237060547,16.399999618530273,16.399999618530273,16.725000381469727,7000.0,9.587076187133789
1999-08-16,16.700000762939453,16.649999618530273,16.700000762939453,16.649999618530273,1000.0,9.544081687927246
1999-08-17,16.700000762939453,16.625,16.700000762939453,16.625,2500.0,9.52975082397461
1999-08-18,16.649999618530273,16.475000381469727,16.649999618530273,16.475000381469727,4000.0,9.443770408630371
1999-08-19,16.399999618530273,16.100000381469727,16.399999618530273,16.125,7500.0,9.243141174316406
1999-08-20,17.0,16.5,16.5,16.975000381469727,36200.0,9.73038101196289
1999-08-23,17.774999618530273,17.5,17.5,17.700000762939453,31200.0,10.145963668823242
1999-08-24,17.700000762939453,17.100000381469727,17.700000762939453,17.200000762939453,119500.0,9.859353065490723
1999-08-25,17.25,17.200000762939453,17.225000381469727,17.25,8500.0,9.88801383972168
1999-08-26,17.299999237060547,17.200000762939453,17.200000762939453,17.25,2700.0,9.88801383972168
1999-08-27,17.174999237060547,17.100000381469727,17.174999237060547,17.100000381469727,2000.0,9.802026748657227
1999-08-30,17.100000381469727,17.024999618530273,17.100000381469727,17.024999618530273,1500.0,9.759040832519531
1999-08-31,17.125,16.799999237060547,17.100000381469727,16.899999618530273,8200.0,9.68738842010498
1999-09-01,17.100000381469727,17.049999237060547,17.100000381469727,17.049999237060547,13500.0,9.956595420837402
1999-09-02,17.049999237060547,17.049999237060547,17.049999237060547,17.049999237060547,200.0,9.956595420837402
1999-09-03,17.399999618530273,17.299999237060547,17.350000381469727,17.299999237060547,16200.0,10.10258674621582
1999-09-07,17.600000381469727,17.375,17.375,17.600000381469727,53500.0,10.277772903442383
1999-09-08,17.700000762939453,17.600000381469727,17.700000762939453,17.600000381469727,12500.0,10.277772903442383
1999-09-09,17.524999618530273,17.399999618530273,17.524999618530273,17.399999618530273,2000.0,10.160981178283691
1999-09-10,17.25,16.399999618530273,17.25,16.399999618530273,16000.0,9.577016830444336
1999-09-13,16.625,16.399999618530273,16.5,16.625,3700.0,9.708409309387207
1999-09-14,16.524999618530273,16.450000762939453,16.524999618530273,16.450000762939453,4200.0,9.606216430664062
1999-09-15,16.350000381469727,16.100000381469727,16.350000381469727,16.100000381469727,5700.0,9.401826858520508
1999-09-16,16.100000381469727,16.100000381469727,16.100000381469727,16.100000381469727,0.0,9.401826858520508
1999-09-17,15.899999618530273,15.550000190734863,15.600000381469727,15.850000381469727,10000.0,9.255839347839355
1999-09-20,16.100000381469727,15.949999809265137,15.949999809265137,16.049999237060547,4700.0,9.372629165649414
1999-09-21,16.100000381469727,15.800000190734863,16.049999237060547,15.824999809265137,10200.0,9.241238594055176
1999-09-22,16.0,15.850000381469727,15.899999618530273,15.975000381469727,3000.0,9.328832626342773
1999-09-23,15.949999809265137,15.625,15.949999809265137,15.625,9000.0,9.124442100524902
1999-09-24,15.699999809265137,15.600000381469727,15.600000381469727,15.699999809265137,1700.0,9.168245315551758
1999-09-27,16.299999237060547,15.800000190734863,15.899999618530273,15.899999618530273,29000.0,9.285037994384766
1999-09-28,16.075000762939453,15.649999618530273,15.899999618530273,15.800000190734863,16000.0,9.226641654968262
1999-09-29,15.774999618530273,15.774999618530273,15.774999618530273,15.774999618530273,1700.0,9.21203899383545
1999-09-30,16.399999618530273,15.850000381469727,15.850000381469727,16.375,15200.0,9.562419891357422
1999-10-01,16.5,16.399999618530273,16.399999618530273,16.399999618530273,4200.0,9.577016830444336
1999-10-04,16.5,16.350000381469727,16.5,16.399999618530273,6700.0,9.577016830444336
1999-10-05,16.575000762939453,16.424999237060547,16.424999237060547,16.524999618530273,18200.0,9.650012969970703
1999-10-06,16.600000381469727,16.524999618530273,16.524999618530273,16.600000381469727,2200.0,9.693811416625977
1999-10-07,16.600000381469727,16.600000381469727,16.600000381469727,16.600000381469727,500.0,9.693811416625977
1999-10-08,16.875,16.649999618530273,16.649999618530273,16.799999237060547,6700.0,9.810604095458984
1999-10-11,16.774999618530273,16.75,16.774999618530273,16.75,1000.0,9.781404495239258
1999-10-12,17.0,16.399999618530273,16.674999237060547,17.0,21200.0,9.927399635314941
1999-10-13,16.399999618530273,16.399999618530273,16.399999618530273,16.399999618530273,500.0,9.577016830444336
1999-10-14,16.0,15.75,16.0,15.774999618530273,6000.0,9.21203899383545
1999-10-15,15.199999809265137,15.199999809265137,15.199999809265137,15.199999809265137,1700.0,8.876261711120605
1999-10-18,15.0,14.800000190734863,15.0,14.800000190734863,4200.0,8.642675399780273
1999-10-19,15.050000190734863,14.399999618530273,14.800000190734863,14.399999618530273,30200.0,8.409089088439941
1999-10-20,15.050000190734863,14.75,14.800000190734863,15.050000190734863,33700.0,8.788664817810059
1999-10-21,14.850000381469727,14.600000381469727,14.800000190734863,14.850000381469727,31500.0,8.671873092651367
1999-10-22,14.699999809265137,14.600000381469727,14.600000381469727,14.600000381469727,55000.0,8.525882720947266
1999-10-25,14.649999618530273,14.600000381469727,14.649999618530273,14.600000381469727,1500.0,8.525882720947266
1999-10-26,14.600000381469727,14.524999618530273,14.524999618530273,14.600000381469727,37500.0,8.525882720947266
1999-10-27,14.699999809265137,14.550000190734863,14.699999809265137,14.550000190734863,6700.0,8.496683120727539
1999-10-28,16.399999618530273,15.600000381469727,15.649999618530273,16.350000381469727,59500.0,9.547818183898926
1999-10-29,17.950000762939453,17.399999618530273,17.399999618530273,17.950000762939453,34000.0,10.482162475585938
1999-11-01,18.325000762939453,17.899999618530273,17.899999618530273,18.325000762939453,47500.0,10.701148986816406
1999-11-02,18.274999618530273,17.899999618530273,18.274999618530273,17.899999618530273,23200.0,10.452963829040527
1999-11-03,17.950000762939453,17.600000381469727,17.799999237060547,17.899999618530273,43000.0,10.452963829040527
1999-11-04,17.825000762939453,17.700000762939453,17.799999237060547,17.825000762939453,63500.0,10.409164428710938
1999-11-05,17.899999618530273,17.799999237060547,17.899999618530273,17.799999237060547,6700.0,10.394567489624023
1999-11-08,17.799999237060547,17.75,17.799999237060547,17.799999237060547,39500.0,10.394567489624023
1999-11-09,17.975000381469727,17.799999237060547,17.899999618530273,17.799999237060547,15000.0,10.394567489624023
1999-11-10,17.850000381469727,17.700000762939453,17.799999237060547,17.700000762939453,69200.0,10.33617115020752
1999-11-11,17.793720245361328,17.700000762939453,17.725000381469727,17.700000762939453,39700.0,10.33617115020752
1999-11-12,17.825000762939453,17.299999237060547,17.799999237060547,17.299999237060547,30500.0,10.10258674621582
1999-11-15,17.899999618530273,17.5,17.5,17.899999618530273,75700.0,10.452963829040527
1999-11-16,18.799999237060547,18.0,18.0,18.625,20500.0,10.876338005065918
1999-11-17,20.0,19.549999237060547,19.700000762939453,19.549999237060547,57700.0,11.41650390625
1999-11-18,20.600000381469727,19.799999237060547,20.600000381469727,19.850000381469727,47000.0,11.591695785522461
1999-11-19,19.100000381469727,18.75,19.100000381469727,18.899999618530273,23200.0,11.036931991577148
1999-11-22,19.649999618530273,19.100000381469727,19.200000762939453,19.5,20200.0,11.387306213378906
1999-11-23,19.475000381469727,19.0,19.475000381469727,19.0,9200.0,11.095324516296387
1999-11-24,19.649999618530273,19.475000381469727,19.475000381469727,19.475000381469727,110200.0,11.372712135314941
1999-11-26,20.600000381469727,20.375,20.399999618530273,20.5,17500.0,11.971269607543945
1999-11-29,20.399999618530273,19.975000381469727,20.399999618530273,19.975000381469727,70000.0,11.664692878723145
1999-11-30,20.600000381469727,20.125,20.325000762939453,20.149999618530273,162200.0,11.766884803771973
1999-12-01,20.799999237060547,20.399999618530273,20.399999618530273,20.450000762939453,19000.0,11.942076683044434
1999-12-02,20.649999618530273,20.475000381469727,20.549999237060547,20.475000381469727,4000.0,11.956672668457031
1999-12-03,21.5,21.0,21.0,21.149999618530273,26000.0,12.350846290588379
1999-12-06,21.450000762939453,21.125,21.125,21.450000762939453,45700.0,12.52603816986084
1999-12-07,21.674999237060547,21.475000381469727,21.674999237060547,21.5,6200.0,12.55523681640625
1999-12-08,21.450000762939453,21.200000762939453,21.450000762939453,21.200000762939453,153700.0,12.380049705505371
1999-12-09,21.350000381469727,21.125,21.299999237060547,21.149999618530273,184500.0,12.350846290588379
1999-12-10,21.799999237060547,21.299999237060547,21.700000762939453,21.350000381469727,83700.0,12.46764087677002
1999-12-13,23.399999618530273,22.299999237060547,22.299999237060547,23.0,47200.0,13.431184768676758
1999-12-14,23.0,22.399999618530273,23.0,22.399999618530273,27500.0,13.08080005645752
1999-12-15,21.799999237060547,21.600000381469727,21.600000381469727,21.700000762939453,18700.0,12.672032356262207
1999-12-16,21.700000762939453,21.299999237060547,21.700000762939453,21.299999237060547,6200.0,12.43844223022461
1999-12-17,21.899999618530273,21.399999618530273,21.799999237060547,21.399999618530273,23200.0,12.49683952331543
1999-12-20,21.325000762939453,21.149999618530273,21.299999237060547,21.149999618530273,7000.0,12.350846290588379
1999-12-21,22.100000381469727,21.649999618530273,21.649999618530273,22.100000381469727,36700.0,12.905613899230957
1999-12-22,22.600000381469727,22.100000381469727,22.600000381469727,22.100000381469727,11700.0,12.905613899230957
1999-12-23,22.5,22.200000762939453,22.200000762939453,22.475000381469727,16500.0,13.124600410461426
1999-12-27,22.5,22.149999618530273,22.399999618530273,22.5,10700.0,13.139202117919922
1999-12-28,22.575000762939453,22.399999618530273,22.399999618530273,22.575000762939453,6700.0,13.182999610900879
1999-12-29,23.225000381469727,23.0,23.100000381469727,23.100000381469727,52500.0,13.48957633972168
1999-12-30,23.024999618530273,22.700000762939453,23.0,22.700000762939453,18500.0,13.25599193572998
1999-12-31,22.725000381469727,22.575000762939453,22.725000381469727,22.600000381469727,1700.0,13.197600364685059
2000-01-03,22.5,22.299999237060547,22.5,22.299999237060547,11200.0,13.0224027633667
2000-01-04,22.625,21.924999237060547,22.399999618530273,21.924999237060547,40700.0,12.80341625213623
2000-01-05,21.0,20.600000381469727,20.899999618530273,21.0,28000.0,12.26325511932373
2000-01-06,21.174999237060547,20.700000762939453,21.049999237060547,20.75,38700.0,12.117260932922363
2000-01-07,21.524999618530273,21.0,21.049999237060547,21.524999618530273,33500.0,12.56983470916748
2000-01-10,22.049999237060547,21.399999618530273,21.524999618530273,21.399999618530273,37200.0,12.49683952331543
2000-01-11,22.600000381469727,21.799999237060547,22.399999618530273,21.950000762939453,50500.0,12.818021774291992
2000-01-12,22.200000762939453,21.975000381469727,22.0,22.200000762939453,8500.0,12.96401596069336
2000-01-13,23.299999237060547,22.899999618530273,22.899999618530273,23.200000762939453,45200.0,13.547977447509766
2000-01-14,23.600000381469727,23.299999237060547,23.350000381469727,23.375,34200.0,13.65017318725586
2000-01-18,25.399999618530273,24.200000762939453,24.700000762939453,24.200000762939453,56200.0,14.131938934326172
2000-01-19,23.899999618530273,23.399999618530273,23.899999618530273,23.600000381469727,18700.0,13.781559944152832
2000-01-20,23.100000381469727,22.399999618530273,23.100000381469727,22.700000762939453,9000.0,13.25599193572998
2000-01-21,22.700000762939453,22.299999237060547,22.600000381469727,22.625,33200.0,13.212199211120605
2000-01-24,23.174999237060547,22.899999618530273,22.899999618530273,23.174999237060547,33000.0,13.533373832702637
2000-01-25,22.850000381469727,22.399999618530273,22.850000381469727,22.774999618530273,25000.0,13.299792289733887
2000-01-26,22.200000762939453,21.600000381469727,22.200000762939453,21.774999618530273,25000.0,12.715825080871582
2000-01-27,21.75,21.350000381469727,21.75,21.600000381469727,29000.0,12.61363410949707
2000-01-28,21.5,21.399999618530273,21.5,21.399999618530273,4000.0,12.49683952331543
2000-01-31,21.799999237060547,21.299999237060547,21.299999237060547,21.674999237060547,18700.0,12.657430648803711
2000-02-01,22.0,21.549999237060547,21.600000381469727,22.0,12700.0,12.847219467163086
2000-02-02,22.899999618530273,21.5,21.75,22.549999237060547,70700.0,13.168401718139648
2000-02-03,22.299999237060547,21.899999618530273,22.149999618530273,22.200000762939453,45500.0,12.96401596069336
2000-02-04,22.799999237060547,22.299999237060547,22.299999237060547,22.649999618530273,13700.0,13.226795196533203
2000-02-07,23.299999237060547,22.700000762939453,22.700000762939453,23.149999618530273,22500.0,13.51877498626709
2000-02-08,24.100000381469727,23.25,23.25,23.899999618530273,44200.0,13.956754684448242
2000-02-09,24.299999237060547,23.825000762939453,24.299999237060547,24.100000381469727,26000.0,14.0735445022583
2000-02-10,23.899999618530273,22.799999237060547,23.899999618530273,22.875,43000.0,13.35818862915039
2000-02-11,22.825000762939453,22.5,22.825000762939453,22.5,5500.0,13.139202117919922
2000-02-14,22.450000762939453,22.350000381469727,22.399999618530273,22.450000762939453,26500.0,13.110002517700195
2000-02-15,21.600000381469727,20.899999618530273,21.600000381469727,21.5,31700.0,12.55523681640625
2000-02-16,22.799999237060547,22.25,22.25,22.600000381469727,35700.0,13.197600364685059
2000-02-17,23.200000762939453,23.0,23.0,23.200000762939453,10700.0,13.547977447509766
2000-02-18,23.899999618530273,23.399999618530273,23.899999618530273,23.5,31000.0,13.72317123413086
2000-02-22,23.625,23.475000381469727,23.5,23.625,21000.0,13.796160697937012
2000-02-23,23.399999618530273,23.049999237060547,23.399999618530273,23.100000381469727,28200.0,13.48957633972168
2000-02-24,23.399999618530273,23.100000381469727,23.100000381469727,23.399999618530273,14000.0,13.664770126342773
2000-02-25,23.399999618530273,23.299999237060547,23.399999618530273,23.375,6000.0,13.65017318725586
2000-02-28,22.774999618530273,22.399999618530273,22.399999618530273,22.774999618530273,19700.0,13.299792289733887
2000-02-29,22.825000762939453,22.549999237060547,22.725000381469727,22.825000762939453,10000.0,13.32898998260498
2000-03-01,23.200000762939453,22.700000762939453,22.825000762939453,23.0,20200.0,13.431184768676758
2000-03-02,23.799999237060547,22.899999618530273,22.899999618530273,23.600000381469727,11000.0,13.781559944152832
2000-03-03,24.5,24.0,24.200000762939453,24.0,25200.0,14.015141487121582
2000-03-06,25.100000381469727,24.649999618530273,24.75,24.649999618530273,29200.0,14.394730567932129
2000-03-07,25.399999618530273,24.200000762939453,24.975000381469727,24.200000762939453,36200.0,14.131938934326172
2000-03-08,25.100000381469727,24.774999618530273,24.924999237060547,24.799999237060547,30200.0,14.482317924499512
2000-03-09,25.700000762939453,24.825000762939453,24.825000762939453,25.450000762939453,30200.0,14.861897468566895
2000-03-10,25.399999618530273,24.899999618530273,25.399999618530273,24.899999618530273,22500.0,14.540712356567383
2000-03-13,24.299999237060547,23.799999237060547,24.299999237060547,23.799999237060547,17000.0,13.898358345031738
2000-03-14,24.274999618530273,23.899999618530273,23.899999618530273,24.25,22500.0,14.161139488220215
2000-03-15,23.975000381469727,23.799999237060547,23.975000381469727,23.950000762939453,20500.0,13.98594856262207
2000-03-16,24.799999237060547,23.899999618530273,23.950000762939453,24.649999618530273,18000.0,14.394730567932129
2000-03-17,25.450000762939453,25.0,25.375,25.0,35700.0,14.59911060333252
2000-03-20,25.600000381469727,25.125,25.274999618530273,25.125,28000.0,14.672109603881836
2000-03-21,27.75,25.75,25.75,27.5,139700.0,16.059030532836914
2000-03-22,27.5,27.100000381469727,27.5,27.399999618530273,20500.0,16.000625610351562
2000-03-23,27.149999618530273,26.799999237060547,27.149999618530273,27.0,18500.0,15.767035484313965
2000-03-24,27.5,27.049999237060547,27.049999237060547,27.399999618530273,10500.0,16.000625610351562
2000-03-27,28.0,27.5,27.5,27.600000381469727,35700.0,16.117420196533203
2000-03-28,27.649999618530273,27.350000381469727,27.600000381469727,27.350000381469727,9700.0,15.971433639526367
2000-03-29,27.399999618530273,27.25,27.399999618530273,27.25,4200.0,15.91303539276123
2000-03-30,27.350000381469727,26.850000381469727,27.200000762939453,27.0,15200.0,15.767035484313965
2000-03-31,29.299999237060547,27.100000381469727,27.100000381469727,28.399999618530273,129500.0,16.5845890045166
2000-04-03,28.799999237060547,27.700000762939453,27.700000762939453,28.5,44000.0,16.642990112304688
2000-04-04,28.0,26.875,28.0,27.024999618530273,79700.0,15.781641006469727
2000-04-05,27.200000762939453,26.850000381469727,26.850000381469727,27.200000762939453,8200.0,16.174257278442383
2000-04-06,27.0,26.75,27.0,26.75,9500.0,15.906665802001953
2000-04-07,26.799999237060547,26.774999618530273,26.774999618530273,26.799999237060547,2000.0,15.936399459838867
2000-04-10,27.200000762939453,26.799999237060547,27.0,26.799999237060547,37200.0,15.936399459838867
2000-04-11,27.799999237060547,26.875,27.200000762939453,26.899999618530273,40000.0,15.995863914489746
2000-04-12,28.0,27.100000381469727,27.100000381469727,27.399999618530273,60200.0,16.293190002441406
2000-04-13,27.299999237060547,26.5,27.299999237060547,26.5,34700.0,15.7579984664917
2000-04-14,25.899999618530273,23.799999237060547,25.899999618530273,23.799999237060547,130700.0,14.152467727661133
2000-04-17,23.825000762939453,23.149999618530273,23.825000762939453,23.299999237060547,23700.0,13.855149269104004
2000-04-18,23.5,23.100000381469727,23.299999237060547,23.450000762939453,26200.0,13.944347381591797
2000-04-19,26.0,25.200000762939453,25.200000762939453,25.225000381469727,65000.0,14.999839782714844
2000-04-20,26.100000381469727,25.899999618530273,25.899999618530273,25.975000381469727,15700.0,15.445817947387695
2000-04-24,26.0,25.850000381469727,25.899999618530273,25.924999237060547,2200.0,15.416085243225098
2000-04-25,27.100000381469727,26.149999618530273,26.149999618530273,27.0,33700.0,16.05532455444336
2000-04-26,28.399999618530273,27.799999237060547,28.200000762939453,27.799999237060547,51700.0,16.531036376953125
2000-04-27,27.700000762939453,27.575000762939453,27.700000762939453,27.600000381469727,11000.0,16.412105560302734
2000-04-28,28.799999237060547,27.700000762939453,27.700000762939453,28.5,22000.0,16.947280883789062
2000-05-01,28.825000762939453,28.5,28.649999618530273,28.825000762939453,18200.0,17.140541076660156
2000-05-02,29.975000381469727,29.049999237060547,29.850000381469727,29.174999237060547,39200.0,17.34867286682129
2000-05-03,29.600000381469727,28.899999618530273,29.299999237060547,28.950000762939453,15500.0,17.214876174926758
2000-05-04,28.850000381469727,28.424999237060547,28.850000381469727,28.424999237060547,13000.0,16.902685165405273
2000-05-05,28.924999237060547,28.5,28.5,28.600000381469727,46500.0,17.006750106811523
2000-05-08,27.200000762939453,26.625,26.799999237060547,27.200000762939453,14700.0,16.174257278442383
2000-05-09,27.200000762939453,26.299999237060547,27.200000762939453,26.475000381469727,240200.0,15.743134498596191
2000-05-10,26.375,25.799999237060547,26.375,25.899999618530273,61000.0,15.401215553283691
2000-05-11,26.100000381469727,25.100000381469727,25.825000762939453,26.100000381469727,59200.0,15.520139694213867
2000-05-12,25.799999237060547,24.799999237060547,25.799999237060547,24.899999618530273,54700.0,14.806577682495117
2000-05-15,25.924999237060547,25.0,25.0,25.924999237060547,36000.0,15.416085243225098
2000-05-16,25.825000762939453,24.950000762939453,25.825000762939453,25.600000381469727,46500.0,15.22282886505127
2000-05-17,25.200000762939453,25.0,25.200000762939453,25.100000381469727,16000.0,14.925503730773926
2000-05-18,26.399999618530273,25.899999618530273,26.100000381469727,26.350000381469727,42200.0,15.668813705444336
2000-05-19,26.100000381469727,25.350000381469727,26.100000381469727,25.375,16000.0,15.089032173156738
2000-05-22,25.274999618530273,24.5,25.274999618530273,24.5,14000.0,14.568717002868652
2000-05-23,24.399999618530273,24.075000762939453,24.399999618530273,24.274999618530273,18500.0,14.434929847717285
2000-05-24,24.700000762939453,23.850000381469727,24.0,24.700000762939453,44500.0,14.687644958496094
2000-05-25,24.549999237060547,24.299999237060547,24.399999618530273,24.424999237060547,36500.0,14.524121284484863
2000-05-26,25.0,24.424999237060547,24.424999237060547,24.850000381469727,35500.0,14.77684497833252
2000-05-30,25.600000381469727,25.399999618530273,25.399999618530273,25.399999618530273,9500.0,15.103899002075195
2000-05-31,26.200000762939453,25.399999618530273,25.399999618530273,26.0,40500.0,15.460680961608887
2000-06-01,26.174999237060547,25.75,26.100000381469727,25.799999237060547,55700.0,15.341751098632812
2000-06-02,26.450000762939453,26.200000762939453,26.200000762939453,26.225000381469727,21700.0,15.594478607177734
2000-06-05,26.899999618530273,26.600000381469727,26.700000762939453,26.600000381469727,41200.0,15.817461013793945
2000-06-06,27.0,26.850000381469727,26.850000381469727,26.950000762939453,53700.0,16.025596618652344
2000-06-07,27.600000381469727,27.325000762939453,27.350000381469727,27.325000762939453,16700.0,16.248580932617188
2000-06-08,27.825000762939453,27.399999618530273,27.799999237060547,27.399999618530273,17000.0,16.293190002441406
2000-06-09,27.75,27.350000381469727,27.5,27.600000381469727,33700.0,16.412105560302734
2000-06-12,28.200000762939453,27.700000762939453,27.700000762939453,27.700000762939453,42700.0,16.471572875976562
2000-06-13,28.0,27.274999618530273,28.0,27.274999618530273,35500.0,16.218849182128906
2000-06-14,27.475000381469727,27.299999237060547,27.399999618530273,27.325000762939453,12200.0,16.248580932617188
2000-06-15,29.0,28.600000381469727,28.700000762939453,28.774999618530273,58000.0,17.110816955566406
2000-06-16,30.049999237060547,29.399999618530273,29.399999618530273,29.799999237060547,51000.0,17.720319747924805
2000-06-19,29.5,29.350000381469727,29.5,29.399999618530273,10700.0,17.482460021972656
2000-06-20,29.600000381469727,29.399999618530273,29.5,29.524999618530273,12000.0,17.556793212890625
2000-06-21,29.850000381469727,29.600000381469727,29.600000381469727,29.674999237060547,8500.0,17.645992279052734
2000-06-22,30.100000381469727,29.825000762939453,29.825000762939453,29.899999618530273,16200.0,17.779788970947266
2000-06-23,30.700000762939453,30.100000381469727,30.100000381469727,30.325000762939453,65200.0,18.032503128051758
2000-06-26,30.600000381469727,30.200000762939453,30.200000762939453,30.450000762939453,25700.0,18.106840133666992
2000-06-27,31.049999237060547,30.75,30.799999237060547,30.975000381469727,47500.0,18.419015884399414
2000-06-28,30.799999237060547,30.200000762939453,30.5,30.774999618530273,32000.0,18.300092697143555
2000-06-29,31.299999237060547,30.700000762939453,30.799999237060547,31.225000381469727,29500.0,18.567684173583984
2000-06-30,31.700000762939453,31.0,31.600000381469727,31.350000381469727,115700.0,18.64201545715332
2000-07-03,32.20000076293945,31.450000762939453,31.450000762939453,32.20000076293945,27000.0,19.1474609375
2000-07-05,31.899999618530273,31.5,31.899999618530273,31.625,39700.0,18.805545806884766
2000-07-06,31.700000762939453,31.5,31.625,31.600000381469727,19200.0,18.790678024291992
2000-07-07,31.700000762939453,31.524999618530273,31.524999618530273,31.700000762939453,8200.0,18.850139617919922
2000-07-10,32.599998474121094,31.700000762939453,31.700000762939453,32.125,45200.0,19.102863311767578
2000-07-11,32.70000076293945,32.099998474121094,32.599998474121094,32.5,61000.0,19.325851440429688
2000-07-12,32.95000076293945,32.45000076293945,32.95000076293945,32.525001525878906,41500.0,19.34072494506836
2000-07-13,33.54999923706055,32.67499923706055,32.67499923706055,33.54999923706055,28000.0,19.950227737426758
2000-07-14,34.599998474121094,34.5,34.5,34.5,16500.0,20.5151424407959
2000-07-17,36.400001525878906,35.349998474121094,36.150001525878906,35.42499923706055,146700.0,21.065176010131836
2000-07-18,35.67499923706055,34.0,35.599998474121094,34.0,103700.0,20.21781349182129
2000-07-19,33.900001525878906,32.599998474121094,33.900001525878906,32.79999923706055,54200.0,19.504247665405273
2000-07-20,33.79999923706055,33.20000076293945,33.20000076293945,33.79999923706055,47500.0,20.09888458251953
2000-07-21,34.900001525878906,34.400001525878906,34.400001525878906,34.79999923706055,55200.0,20.693531036376953
2000-07-24,34.79999923706055,34.70000076293945,34.79999923706055,34.724998474121094,14200.0,20.64893341064453
2000-07-25,33.70000076293945,33.099998474121094,33.70000076293945,33.375,37000.0,19.846166610717773
2000-07-26,34.0,33.724998474121094,33.79999923706055,33.775001525878906,20200.0,20.084020614624023
2000-07-27,33.875,33.5,33.775001525878906,33.57500076293945,16700.0,19.965091705322266
2000-07-28,33.45000076293945,33.29999923706055,33.400001525878906,33.349998474121094,4500.0,19.831295013427734
2000-07-31,35.0,33.349998474121094,33.349998474121094,34.875,73200.0,20.73812484741211
2000-08-01,35.25,34.79999923706055,34.79999923706055,34.79999923706055,35000.0,20.693531036376953
2000-08-02,35.5,34.70000076293945,34.70000076293945,35.349998474121094,25500.0,21.02057647705078
2000-08-03,35.45000076293945,35.04999923706055,35.349998474121094,35.07500076293945,28500.0,20.8570556640625
2000-08-04,35.0,34.5,35.0,34.900001525878906,53200.0,20.752992630004883
2000-08-07,35.349998474121094,35.0,35.0,35.349998474121094,60200.0,21.02057647705078
2000-08-08,36.20000076293945,35.275001525878906,35.349998474121094,35.900001525878906,179700.0,21.34763526916504
2000-08-09,36.70000076293945,35.92499923706055,35.92499923706055,36.32500076293945,115700.0,21.60036277770996
2000-08-10,38.75,37.75,38.0,37.775001525878906,138000.0,22.46259307861328
2000-08-11,38.599998474121094,37.79999923706055,37.79999923706055,38.45000076293945,199500.0,22.863962173461914
2000-08-14,39.04999923706055,38.70000076293945,38.900001525878906,39.0,47200.0,23.191024780273438
2000-08-15,39.5,38.82500076293945,39.04999923706055,39.400001525878906,52700.0,23.42888069152832
2000-08-16,39.400001525878906,39.0,39.20000076293945,39.025001525878906,31700.0,23.205886840820312
2000-08-17,38.875,38.32500076293945,38.875,38.32500076293945,32500.0,22.789644241333008
2000-08-18,39.20000076293945,38.42499923706055,38.42499923706055,39.0,32000.0,23.191024780273438
2000-08-21,39.20000076293945,38.900001525878906,38.900001525878906,39.099998474121094,19700.0,23.250484466552734
2000-08-22,40.0,39.20000076293945,39.20000076293945,39.849998474121094,66200.0,23.696460723876953
2000-08-23,40.400001525878906,39.95000076293945,39.95000076293945,40.224998474121094,49700.0,23.919462203979492
2000-08-24,40.525001525878906,40.099998474121094,40.25,40.525001525878906,34700.0,24.09785270690918
2000-08-25,43.599998474121094,40.625,40.625,42.400001525878906,174000.0,25.21280288696289
2000-08-28,42.599998474121094,42.0,42.599998474121094,42.0,76500.0,24.97495460510254
2000-08-29,40.79999923706055,40.125,40.599998474121094,40.724998474121094,247700.0,24.21677589416504
2000-08-30,40.5,40.20000076293945,40.349998474121094,40.42499923706055,49700.0,24.038381576538086
2000-08-31,43.0,42.400001525878906,42.400001525878906,42.79999923706055,61200.0,25.450668334960938
2000-09-01,46.79999923706055,44.599998474121094,46.400001525878906,45.25,197500.0,26.907533645629883
2000-09-05,44.20000076293945,43.0,43.0,44.07500076293945,71500.0,26.20882797241211
2000-09-06,42.04999923706055,41.5,41.5,41.82500076293945,68500.0,25.036191940307617
2000-09-07,40.75,40.0,40.400001525878906,40.599998474121094,77000.0,24.30290985107422
2000-09-08,39.79999923706055,38.95000076293945,39.79999923706055,39.150001525878906,34200.0,23.434951782226562
2000-09-11,39.70000076293945,39.04999923706055,39.04999923706055,39.349998474121094,34700.0,23.554664611816406
2000-09-12,39.650001525878906,39.20000076293945,39.29999923706055,39.625,54700.0,23.71927833557129
2000-09-13,39.79999923706055,39.099998474121094,39.20000076293945,39.775001525878906,17200.0,23.809066772460938
2000-09-14,41.45000076293945,40.400001525878906,41.29999923706055,41.04999923706055,134000.0,24.572280883789062
2000-09-15,42.29999923706055,41.04999923706055,41.5,41.849998474121094,63700.0,25.0511531829834
2000-09-18,41.224998474121094,40.70000076293945,41.07500076293945,41.025001525878906,77700.0,24.557310104370117
2000-09-19,41.70000076293945,41.20000076293945,41.275001525878906,41.70000076293945,53700.0,24.961360931396484
2000-09-20,41.79999923706055,40.29999923706055,41.79999923706055,40.82500076293945,39700.0,24.437589645385742
2000-09-21,40.79999923706055,40.20000076293945,40.400001525878906,40.224998474121094,45700.0,24.07843780517578
2000-09-22,40.625,40.125,40.125,40.625,16700.0,24.317882537841797
2000-09-25,41.599998474121094,41.0,41.099998474121094,41.0,39500.0,24.54233741760254
2000-09-26,42.599998474121094,41.5,42.42499923706055,41.79999923706055,86700.0,25.021217346191406
2000-09-27,42.875,42.5,42.5,42.79999923706055,53700.0,25.619815826416016
2000-09-28,43.599998474121094,42.900001525878906,42.900001525878906,43.525001525878906,28500.0,26.053796768188477
2000-09-29,44.775001525878906,43.42499923706055,43.525001525878906,44.349998474121094,103200.0,26.54763412475586
2000-10-02,45.79999923706055,44.54999923706055,44.54999923706055,45.224998474121094,73500.0,27.071395874023438
2000-10-03,43.75,43.099998474121094,43.29999923706055,43.650001525878906,27200.0,26.128620147705078
2000-10-04,45.599998474121094,44.29999923706055,44.29999923706055,44.474998474121094,132000.0,26.622459411621094
2000-10-05,44.5,44.0,44.375,44.42499923706055,31200.0,26.592517852783203
2000-10-06,44.525001525878906,43.599998474121094,44.525001525878906,43.599998474121094,14000.0,26.09868812561035
2000-10-09,43.20000076293945,42.20000076293945,43.20000076293945,42.32500076293945,14500.0,25.335481643676758
2000-10-10,42.224998474121094,41.400001525878906,42.224998474121094,41.400001525878906,19200.0,24.781774520874023
2000-10-11,40.599998474121094,39.099998474121094,40.599998474121094,39.29999923706055,92000.0,23.524738311767578
2000-10-12,40.95000076293945,39.224998474121094,40.95000076293945,39.29999923706055,136000.0,23.524738311767578
2000-10-13,40.25,39.599998474121094,39.599998474121094,39.775001525878906,62200.0,23.809066772460938
2000-10-16,40.57500076293945,40.0,40.54999923706055,40.32500076293945,130700.0,24.138303756713867
2000-10-17,40.099998474121094,39.5,39.900001525878906,39.54999923706055,39700.0,23.674386978149414
2000-10-18,38.82500076293945,37.349998474121094,38.82500076293945,37.900001525878906,69000.0,22.68670654296875
2000-10-19,39.79999923706055,38.70000076293945,38.79999923706055,39.650001525878906,33700.0,23.734249114990234
2000-10-20,41.5,40.29999923706055,40.29999923706055,41.099998474121094,24200.0,24.602203369140625
2000-10-23,42.650001525878906,42.0,42.400001525878906,42.5,24700.0,25.44023323059082
2000-10-24,43.599998474121094,42.599998474121094,42.599998474121094,43.375,34000.0,25.964000701904297
2000-10-25,43.375,42.5,43.375,42.650001525878906,17200.0,25.530019760131836
2000-10-26,43.70000076293945,42.525001525878906,43.29999923706055,42.625,49500.0,25.515050888061523
2000-10-27,44.599998474121094,43.400001525878906,44.20000076293945,44.099998474121094,61700.0,26.397985458374023
2000-10-30,45.0,44.150001525878906,44.150001525878906,44.900001525878906,47000.0,26.876863479614258
2000-10-31,45.79999923706055,44.79999923706055,44.79999923706055,45.349998474121094,53700.0,27.14621925354004
2000-11-01,47.900001525878906,46.900001525878906,47.04999923706055,46.900001525878906,101200.0,28.074052810668945
2000-11-02,48.29999923706055,47.599998474121094,48.0,48.099998474121094,68500.0,28.7923583984375
2000-11-03,51.099998474121094,49.400001525878906,49.400001525878906,50.599998474121094,59700.0,30.288843154907227
2000-11-06,50.400001525878906,49.400001525878906,49.400001525878906,50.400001525878906,49200.0,30.16912269592285
2000-11-07,49.75,48.70000076293945,49.75,49.125,75200.0,29.405912399291992
2000-11-08,50.0,47.375,49.125,48.5,33700.0,29.031801223754883
2000-11-09,48.0,47.125,47.25,47.25,32800.0,28.283550262451172
2000-11-10,47.1875,45.75,47.1875,45.875,35100.0,27.460491180419922
2000-11-13,45.0,40.25,45.0,43.1875,190300.0,25.851774215698242
2000-11-14,48.0,45.0,45.25,47.4375,57300.0,28.39579963684082
2000-11-15,48.25,45.5,46.5,48.0625,41800.0,28.76992416381836
2000-11-16,47.0,45.75,46.9375,45.875,43000.0,27.460491180419922
2000-11-17,47.625,45.8125,45.8125,47.4375,41600.0,28.39579963684082
2000-11-20,47.4375,45.5,47.4375,46.0,18800.0,27.535314559936523
2000-11-21,43.75,40.25,43.75,41.5,143500.0,24.841644287109375
2000-11-22,39.25,37.25,38.5,37.875,318400.0,22.671737670898438
2000-11-24,40.0,38.375,38.375,38.9375,84600.0,23.30774688720703
2000-11-27,39.5,38.35929870605469,39.0,38.75,105200.0,23.195510864257812
2000-11-28,37.8125,36.0,37.25,37.75,39500.0,22.59691619873047
2000-11-29,36.625,35.75,36.625,36.125,34500.0,21.624197006225586
2000-11-30,34.75,31.625,34.75,31.875,89800.0,19.080177307128906
2000-12-01,34.75,33.75,34.25,34.0,57200.0,20.352195739746094
2000-12-04,34.5,33.625,34.1875,33.75,74400.0,20.202543258666992
2000-12-05,38.25,36.125,36.125,38.0,44800.0,22.746557235717773
2000-12-06,39.25,37.0,39.25,37.375,48500.0,22.372453689575195
2000-12-07,39.5,37.375,37.375,38.625,25200.0,23.120683670043945
2000-12-08,43.5,42.5,42.75,42.5625,35600.0,25.47765350341797
2000-12-11,46.0,43.375,43.375,45.8125,55600.0,27.423084259033203
2000-12-12,43.6875,42.25,42.25,42.75,26600.0,25.58988380432129
2000-12-13,44.25,43.0,44.0,43.0625,43900.0,25.776941299438477
2000-12-14,42.375,40.5625,42.0625,40.625,64900.0,24.317882537841797
2000-12-15,42.75,41.25,41.4375,41.3125,74200.0,24.729394912719727
2000-12-18,43.375,42.5,43.125,42.75,60200.0,25.58988380432129
2000-12-19,44.0,42.375,43.0,43.0,36800.0,25.739534378051758
2000-12-20,41.375,39.875,41.375,40.375,19000.0,24.168222427368164
2000-12-21,41.25,39.5,40.125,40.8125,38600.0,24.430112838745117
2000-12-22,43.375,40.625,40.9375,42.8125,28500.0,25.627302169799805
2000-12-26,42.9375,42.0,42.9375,42.375,39400.0,25.36541748046875
2000-12-27,42.9375,40.375,40.375,42.9375,32600.0,25.702125549316406
2000-12-28,43.875,41.6875,41.75,43.375,114100.0,25.964000701904297
2000-12-29,43.5,40.625,40.625,43.5,146900.0,26.03882598876953
2001-01-02,41.8125,40.75,41.5,40.75,16700.0,24.39269256591797
2001-01-03,43.5,39.75,40.0625,42.5,74800.0,25.44023323059082
2001-01-04,42.5,41.875,42.4375,42.25,33000.0,25.290584564208984
2001-01-05,43.0,42.25,42.625,42.5,30000.0,25.44023323059082
2001-01-08,44.75,43.125,44.75,43.625,45100.0,26.113649368286133
2001-01-09,44.25,43.0,43.0,44.125,37400.0,26.412946701049805
2001-01-10,45.0,43.0,43.25,44.8125,22000.0,26.824480056762695
2001-01-11,43.5,42.75,43.25,43.125,38000.0,25.81435203552246
2001-01-12,43.0,41.6875,42.25,42.75,40800.0,25.58988380432129
2001-01-16,43.875,42.0,42.6875,43.75,42600.0,26.188478469848633
2001-01-17,47.0,46.25,46.3125,46.375,29600.0,27.759782791137695
2001-01-18,46.0625,45.0,45.75,46.0625,21200.0,27.57272720336914
2001-01-19,46.125,44.75,46.125,45.75,35600.0,27.385671615600586
2001-01-22,46.25,45.5,45.5,46.0,25900.0,27.535314559936523
2001-01-23,46.0,45.25,45.75,45.625,30700.0,27.310842514038086
2001-01-24,47.25,45.875,46.75,46.25,27800.0,27.684953689575195
2001-01-25,48.0,46.625,46.75,47.25,38100.0,28.283550262451172
2001-01-26,46.0,45.0,45.875,45.75,25200.0,27.385671615600586
2001-01-29,46.25,45.5,45.5,46.25,21400.0,27.684953689575195
2001-01-30,46.75,46.0,46.099998474121094,46.75,17500.0,27.98426055908203
2001-01-31,46.5,45.5099983215332,46.25,46.099998474121094,28300.0,27.595170974731445
2001-02-01,46.75,45.79999923706055,45.79999923706055,46.29999923706055,79100.0,27.714876174926758
2001-02-02,44.95000076293945,43.27000045776367,43.75,44.470001220703125,67000.0,26.619462966918945
2001-02-05,43.2400016784668,42.25,43.13999938964844,43.16999816894531,44400.0,25.841293334960938
2001-02-06,43.349998474121094,42.400001525878906,42.400001525878906,42.95000076293945,66200.0,25.70960235595703
2001-02-07,44.0,43.0,43.060001373291016,43.150001525878906,42900.0,25.829315185546875
2001-02-08,43.70000076293945,42.54999923706055,42.95000076293945,43.54999923706055,19900.0,26.06875228881836
2001-02-09,42.79999923706055,41.38999938964844,42.79999923706055,41.720001220703125,34100.0,24.973329544067383
2001-02-12,42.25,41.380001068115234,41.470001220703125,42.0,42400.0,25.140939712524414
2001-02-13,44.59000015258789,43.29999923706055,44.5,43.81999969482422,54800.0,26.23038673400879
2001-02-14,43.81999969482422,43.0,43.81999969482422,43.459999084472656,13800.0,26.014881134033203
2001-02-15,43.61000061035156,42.560001373291016,42.9900016784668,43.56999969482422,10700.0,26.080738067626953
2001-02-16,42.290000915527344,41.599998474121094,42.290000915527344,42.0,8100.0,25.140939712524414
2001-02-20,42.5,40.099998474121094,42.5,40.099998474121094,60100.0,24.003604888916016
2001-02-21,38.54999923706055,37.599998474121094,38.400001525878906,38.45000076293945,47300.0,23.01593017578125
2001-02-22,39.0099983215332,37.849998474121094,38.099998474121094,38.70000076293945,44700.0,23.16558074951172
2001-02-23,38.099998474121094,37.34000015258789,38.099998474121094,37.849998474121094,70600.0,22.656776428222656
2001-02-26,39.5,38.20000076293945,38.20000076293945,39.20000076293945,20600.0,23.46487808227539
2001-02-27,39.75,39.04999923706055,39.2599983215332,39.59000015258789,14800.0,23.69832992553711
2001-02-28,40.0,39.0,39.75,39.790000915527344,31700.0,23.81804656982422
2001-03-01,37.66999816894531,35.20000076293945,37.66999816894531,36.02000045776367,52700.0,21.561355590820312
2001-03-02,36.040000915527344,35.029998779296875,36.040000915527344,35.400001525878906,34700.0,21.190223693847656
2001-03-05,36.25,34.689998626708984,34.75,36.25,18300.0,21.69902801513672
2001-03-06,38.04999923706055,37.5,37.599998474121094,37.650001525878906,42900.0,22.53706169128418
2001-03-07,38.29999923706055,36.75,38.09000015258789,37.45000076293945,63900.0,22.41733169555664
2001-03-08,39.79999923706055,38.900001525878906,39.439998626708984,38.900001525878906,23100.0,23.285297393798828
2001-03-09,37.40999984741211,36.2599983215332,37.40999984741211,36.2599983215332,16200.0,21.705013275146484
2001-03-12,34.45000076293945,32.75,34.40999984741211,33.310001373291016,44800.0,19.93915557861328
2001-03-13,32.91999816894531,31.700000762939453,32.5,32.91999816894531,37700.0,19.70570945739746
2001-03-14,32.349998474121094,29.989999771118164,30.0,31.450000762939453,160000.0,18.825775146484375
2001-03-15,33.11000061035156,31.829999923706055,31.940000534057617,33.11000061035156,38100.0,19.819442749023438
2001-03-16,30.739999771118164,28.5,29.989999771118164,30.600000381469727,65500.0,18.31696891784668
2001-03-19,29.739999771118164,28.489999771118164,29.649999618530273,29.739999771118164,357400.0,17.80217742919922
2001-03-20,30.6299991607666,29.559999465942383,29.649999618530273,29.649999618530273,160200.0,17.748306274414062
2001-03-21,29.100000381469727,28.600000381469727,29.049999237060547,28.649999618530273,31300.0,17.14971351623535
2001-03-22,26.1299991607666,24.399999618530273,26.100000381469727,26.0,117400.0,15.563441276550293
2001-03-23,28.0,26.5,27.440000534057617,27.0,57800.0,16.16202735900879
2001-03-26,31.09000015258789,29.299999237060547,29.850000381469727,30.260000228881836,55200.0,18.113447189331055
2001-03-27,32.20000076293945,31.100000381469727,31.75,32.06999969482422,50100.0,19.196908950805664
2001-03-28,30.8799991607666,28.799999237060547,30.5,29.25,40300.0,17.60405731201172
2001-03-29,29.25,28.510000228881836,28.510000228881836,28.649999618530273,41200.0,17.242944717407227
2001-03-30,29.149999618530273,28.489999771118164,29.049999237060547,29.0,18900.0,17.453590393066406
2001-04-02,29.950000762939453,29.260000228881836,29.600000381469727,29.260000228881836,44600.0,17.610061645507812
2001-04-03,28.549999237060547,28.0,28.549999237060547,28.260000228881836,32000.0,17.008216857910156
2001-04-04,29.190000534057617,28.0,29.0,28.25,26300.0,17.00221061706543
2001-04-05,32.0,30.5,32.0,31.0,42600.0,18.657291412353516
2001-04-06,29.979999542236328,29.40999984741211,29.979999542236328,29.43000030517578,35200.0,17.712383270263672
2001-04-09,30.100000381469727,29.639999389648438,29.850000381469727,29.75,15800.0,17.904977798461914
2001-04-10,31.229999542236328,30.229999542236328,31.100000381469727,30.899999618530273,51100.0,18.597103118896484
2001-04-11,30.940000534057617,30.020000457763672,30.25,30.649999618530273,34200.0,18.44664192199707
2001-04-12,31.299999237060547,30.149999618530273,30.149999618530273,31.299999237060547,11000.0,18.83783531188965
2001-04-16,31.549999237060547,30.600000381469727,31.549999237060547,30.649999618530273,15400.0,18.44664192199707
2001-04-17,31.649999618530273,30.799999237060547,30.899999618530273,31.510000228881836,15500.0,18.964229583740234
2001-04-18,37.150001525878906,34.29999923706055,34.29999923706055,37.060001373291016,66300.0,22.30449676513672
2001-04-19,36.63999938964844,35.25,36.63999938964844,35.54999923706055,27300.0,21.39569091796875
2001-04-20,35.900001525878906,35.02000045776367,35.79999923706055,35.20000076293945,19300.0,21.1850528717041
2001-04-23,35.29999923706055,33.88999938964844,35.29999923706055,34.029998779296875,28700.0,20.480884552001953
2001-04-24,35.400001525878906,33.869998931884766,34.029998779296875,34.29999923706055,28800.0,20.643383026123047
2001-04-25,34.70000076293945,33.650001525878906,34.400001525878906,33.84000015258789,19500.0,20.36653709411621
2001-04-26,35.849998474121094,34.79999923706055,34.79999923706055,35.25,28400.0,21.215137481689453
2001-04-27,37.5,36.08000183105469,36.20000076293945,36.439998626708984,20200.0,21.93132972717285
2001-04-30,37.29999923706055,36.5,36.849998474121094,36.5,39800.0,21.967443466186523
2001-05-01,36.70000076293945,36.400001525878906,36.54999923706055,36.68000030517578,5100.0,22.075782775878906
2001-05-02,37.45000076293945,36.560001373291016,36.689998626708984,37.29999923706055,20200.0,22.44893455505371
2001-05-03,36.65999984741211,36.150001525878906,36.5,36.599998474121094,13000.0,22.027629852294922
2001-05-04,36.54999923706055,36.0,36.5,36.54999923706055,24700.0,21.997547149658203
2001-05-07,36.75,36.0,36.29999923706055,36.650001525878906,10100.0,22.057729721069336
2001-05-08,36.529998779296875,35.70000076293945,36.5,35.709999084472656,8300.0,21.49199104309082
2001-05-09,35.900001525878906,34.75,35.33000183105469,35.45000076293945,33400.0,21.33551025390625
2001-05-10,37.04999923706055,36.20000076293945,36.20000076293945,36.220001220703125,61800.0,21.798940658569336
2001-05-11,36.29999923706055,35.599998474121094,36.29999923706055,36.15999984741211,35900.0,21.762828826904297
2001-05-14,35.4900016784668,34.849998474121094,35.349998474121094,35.45000076293945,9400.0,21.33551025390625
2001-05-15,36.0,35.040000915527344,35.70000076293945,35.83000183105469,19000.0,21.564208984375
2001-05-16,38.02000045776367,36.08000183105469,36.08000183105469,37.9900016784668,28100.0,22.86420440673828
2001-05-17,39.0,37.529998779296875,38.02000045776367,38.25,29400.0,23.020687103271484
2001-05-18,38.400001525878906,37.29999923706055,37.68000030517578,37.79999923706055,14900.0,22.749849319458008
2001-05-21,39.099998474121094,37.900001525878906,37.900001525878906,39.099998474121094,14300.0,23.532249450683594
2001-05-22,40.11000061035156,38.400001525878906,40.0,38.86000061035156,29900.0,23.38780975341797
2001-05-23,38.900001525878906,37.79999923706055,38.900001525878906,38.04999923706055,48300.0,22.90030860900879
2001-05-24,38.45000076293945,38.0099983215332,38.099998474121094,38.20000076293945,6300.0,22.99059295654297
2001-05-25,38.400001525878906,38.0,38.16999816894531,38.08000183105469,21800.0,22.918378829956055
2001-05-29,38.20000076293945,37.29999923706055,38.20000076293945,37.95000076293945,14600.0,22.840131759643555
2001-05-30,37.70000076293945,36.709999084472656,37.70000076293945,36.849998474121094,5800.0,22.17809295654297
2001-05-31,37.650001525878906,36.5,36.72999954223633,37.650001525878906,14600.0,22.65957260131836
2001-06-01,37.0,36.400001525878906,36.939998626708984,36.5,13100.0,21.967443466186523
2001-06-04,37.47999954223633,36.900001525878906,37.0,37.119998931884766,10000.0,22.34060287475586
2001-06-05,38.0,36.849998474121094,37.20000076293945,37.70000076293945,21300.0,22.68967056274414
2001-06-06,37.709999084472656,37.130001068115234,37.650001525878906,37.25,24500.0,22.418838500976562
2001-06-07,37.45000076293945,36.86000061035156,37.2400016784668,37.45000076293945,8600.0,22.539203643798828
2001-06-08,37.20000076293945,36.81999969482422,37.20000076293945,36.9900016784668,5500.0,22.262348175048828
2001-06-11,36.75,36.5,36.75,36.599998474121094,5300.0,22.027629852294922
2001-06-12,35.599998474121094,35.0,35.099998474121094,35.56999969482422,16900.0,21.407732009887695
2001-06-13,37.349998474121094,35.650001525878906,35.650001525878906,36.29999923706055,29400.0,21.847074508666992
2001-06-14,35.20000076293945,34.599998474121094,35.20000076293945,34.9900016784668,25900.0,21.05866050720215
2001-06-15,34.38999938964844,33.400001525878906,34.38999938964844,33.959999084472656,24900.0,20.438753128051758
2001-06-18,34.599998474121094,34.18000030517578,34.310001373291016,34.5099983215332,10400.0,20.769779205322266
2001-06-19,35.20000076293945,34.599998474121094,35.150001525878906,35.0,28600.0,21.064672470092773
2001-06-20,33.220001220703125,32.5,32.70000076293945,33.20000076293945,37300.0,19.981355667114258
2001-06-21,33.79999923706055,33.16999816894531,33.20000076293945,33.790000915527344,41300.0,20.336442947387695
2001-06-22,34.20000076293945,33.59000015258789,33.79999923706055,33.619998931884766,10600.0,20.234128952026367
2001-06-25,34.599998474121094,34.099998474121094,34.099998474121094,34.25,11100.0,20.613290786743164
2001-06-26,34.25,32.29999923706055,32.29999923706055,33.970001220703125,22700.0,20.44477081298828
2001-06-27,34.5,33.5,34.20000076293945,34.16999816894531,32800.0,20.56514549255371
2001-06-28,34.599998474121094,34.16999816894531,34.16999816894531,34.459999084472656,19400.0,20.739681243896484
2001-06-29,35.150001525878906,34.18000030517578,35.0,34.630001068115234,37000.0,20.841991424560547
2001-07-02,35.810001373291016,35.20000076293945,35.25,35.5,8000.0,21.3655948638916
2001-07-03,35.5,34.79999923706055,35.22999954223633,35.29999923706055,7200.0,21.2452335357666
2001-07-05,33.5,33.0,33.25,33.400001525878906,20700.0,20.10171890258789
2001-07-06,31.989999771118164,30.5,31.75,31.3799991607666,21900.0,18.885984420776367
2001-07-09,31.700000762939453,30.799999237060547,31.200000762939453,31.329999923706055,28200.0,18.855892181396484
2001-07-10,31.899999618530273,29.799999237060547,31.579999923706055,30.1299991607666,101900.0,18.13367462158203
2001-07-11,31.25,29.350000381469727,30.799999237060547,29.989999771118164,75500.0,18.049413681030273
2001-07-12,32.09000015258789,31.0,31.0,32.09000015258789,29100.0,19.313304901123047
2001-07-13,32.650001525878906,32.0,32.34000015258789,32.0,13000.0,19.259136199951172
2001-07-16,32.0,31.399999618530273,31.530000686645508,31.760000228881836,25400.0,19.11469078063965
2001-07-17,31.190000534057617,29.5,31.0,30.850000381469727,51400.0,18.5670108795166
2001-07-18,32.0,30.780000686645508,30.899999618530273,31.559999465942383,13900.0,18.994319915771484
2001-07-19,32.0,31.25,31.459999084472656,31.600000381469727,9200.0,19.018396377563477
2001-07-20,30.600000381469727,30.0,30.25,30.549999237060547,22300.0,18.38645362854004
2001-07-23,30.579999923706055,29.010000228881836,30.549999237060547,29.969999313354492,23000.0,18.037384033203125
2001-07-24,28.989999771118164,28.5,28.75,28.6299991607666,50600.0,17.23090362548828
2001-07-25,28.700000762939453,27.600000381469727,28.700000762939453,28.610000610351562,25300.0,17.2188720703125
2001-07-26,28.950000762939453,27.899999618530273,28.799999237060547,28.450000762939453,76800.0,17.122577667236328
2001-07-27,31.0,30.040000915527344,30.040000915527344,30.5,37400.0,18.35635757446289
2001-07-30,31.65999984741211,31.0,31.0,31.25,28400.0,18.807741165161133
2001-07-31,32.470001220703125,31.200000762939453,31.200000762939453,31.940000534057617,31400.0,19.223020553588867
2001-08-01,33.0,32.22999954223633,32.22999954223633,32.70000076293945,21300.0,19.6804256439209
2001-08-02,34.310001373291016,32.900001525878906,34.29999923706055,32.900001525878906,47100.0,19.800798416137695
2001-08-03,34.0,33.130001068115234,33.43000030517578,33.2400016784668,38300.0,20.00542449951172
2001-08-06,33.04999923706055,32.5,32.5,32.75,9700.0,19.71051597595215
2001-08-07,33.4900016784668,31.860000610351562,32.099998474121094,33.45000076293945,9100.0,20.13181495666504
2001-08-08,32.95000076293945,32.29999923706055,32.45000076293945,32.66999816894531,9200.0,19.662370681762695
2001-08-09,32.45000076293945,31.940000534057617,32.439998626708984,32.380001068115234,6700.0,19.487834930419922
2001-08-10,32.29999923706055,31.719999313354492,32.04999923706055,31.799999237060547,8400.0,19.138765335083008
2001-08-13,32.369998931884766,31.649999618530273,31.709999084472656,32.369998931884766,5200.0,19.481815338134766
2001-08-14,32.650001525878906,32.25,32.439998626708984,32.34000015258789,6800.0,19.463762283325195
2001-08-15,32.06999969482422,31.18000030517578,31.600000381469727,31.5,16400.0,18.95821189880371
2001-08-16,31.0,30.299999237060547,30.299999237060547,31.0,16400.0,18.657291412353516
2001-08-17,30.510000228881836,29.540000915527344,30.469999313354492,30.0,11600.0,18.05544090270996
2001-08-20,30.8700008392334,29.399999618530273,29.399999618530273,30.600000381469727,23600.0,18.416545867919922
2001-08-21,31.389999389648438,30.200000762939453,30.200000762939453,30.899999618530273,5900.0,18.597103118896484
2001-08-22,30.799999237060547,30.149999618530273,30.399999618530273,30.799999237060547,6200.0,18.53691864013672
2001-08-23,30.200000762939453,29.799999237060547,29.850000381469727,30.0,18400.0,18.05544090270996
2001-08-24,31.5,30.209999084472656,30.399999618530273,31.399999618530273,28600.0,18.898025512695312
2001-08-27,31.579999923706055,30.829999923706055,31.399999618530273,30.829999923706055,7000.0,18.554975509643555
2001-08-28,30.5,29.030000686645508,30.299999237060547,29.209999084472656,32900.0,17.579975128173828
2001-08-29,29.75,29.200000762939453,29.299999237060547,29.739999771118164,5200.0,17.898956298828125
2001-08-30,29.5,28.75,29.399999618530273,28.850000381469727,13600.0,17.363317489624023
2001-08-31,29.700000762939453,28.799999237060547,29.110000610351562,29.100000381469727,20200.0,17.513776779174805
2001-09-04,29.5,28.760000228881836,29.0,29.200000762939453,10200.0,17.573963165283203
2001-09-05,29.149999618530273,28.75,29.049999237060547,28.799999237060547,16600.0,17.41073226928711
2001-09-06,27.780000686645508,26.670000076293945,27.700000762939453,26.81999969482422,41600.0,16.2137451171875
2001-09-07,26.5,25.450000762939453,25.489999771118164,26.200000762939453,83200.0,15.838935852050781
2001-09-10,24.6299991607666,24.0,24.0,24.110000610351562,55600.0,14.575446128845215
2001-09-17,22.549999237060547,20.600000381469727,20.75,22.0,34500.0,13.299863815307617
2001-09-18,21.5,20.200000762939453,20.299999237060547,21.5,77600.0,12.997591972351074
2001-09-19,21.25,19.5,21.25,20.059999465942383,55000.0,12.127059936523438
2001-09-20,19.450000762939453,18.5,18.75,19.299999237060547,47100.0,11.66760540008545
2001-09-21,18.0,16.200000762939453,16.200000762939453,17.899999618530273,59600.0,10.821258544921875
2001-09-24,20.399999618530273,18.809999465942383,19.0,19.969999313354492,41500.0,12.072647094726562
2001-09-25,20.799999237060547,19.75,20.239999771118164,19.90999984741211,42500.0,12.036380767822266
2001-09-26,20.520000457763672,19.700000762939453,20.5,19.860000610351562,34600.0,12.00615119934082
2001-09-27,21.299999237060547,20.309999465942383,20.450000762939453,21.290000915527344,71400.0,12.870644569396973
2001-09-28,22.75,21.100000381469727,21.5,21.459999084472656,42100.0,12.973410606384277
2001-10-01,22.0,20.649999618530273,21.0,20.969999313354492,55400.0,12.677188873291016
2001-10-02,21.5,20.600000381469727,20.700000762939453,21.110000610351562,7800.0,12.761822700500488
2001-10-03,22.850000381469727,21.209999084472656,21.209999084472656,22.5,16000.0,13.602134704589844
2001-10-04,25.399999618530273,23.75,24.200000762939453,24.299999237060547,52100.0,14.690308570861816
2001-10-05,25.5,23.899999618530273,25.5,24.5,33900.0,14.811212539672852
2001-10-08,24.020000457763672,23.059999465942383,23.899999618530273,23.350000381469727,10000.0,14.115998268127441
2001-10-09,24.8799991607666,23.549999237060547,24.0,23.549999237060547,36300.0,14.236899375915527
2001-10-10,25.489999771118164,24.5,24.5,25.25,31100.0,15.264618873596191
2001-10-11,28.010000228881836,26.260000228881836,27.5,26.270000457763672,60800.0,15.881251335144043
2001-10-12,26.0,23.770000457763672,26.0,24.5,179600.0,14.811212539672852
2001-10-15,24.440000534057617,23.600000381469727,24.100000381469727,24.270000457763672,191100.0,14.67216968536377
2001-10-16,25.59000015258789,24.010000228881836,25.200000762939453,25.0,62800.0,15.113483428955078
2001-10-17,26.25,25.0,26.25,25.399999618530273,35800.0,15.355300903320312
2001-10-18,25.100000381469727,24.600000381469727,24.649999618530273,24.799999237060547,20800.0,14.99257755279541
2001-10-19,25.200000762939453,24.510000228881836,25.0,25.149999618530273,28400.0,15.204164505004883
2001-10-22,25.329999923706055,24.829999923706055,25.15999984741211,25.290000915527344,19100.0,15.288801193237305
2001-10-23,26.079999923706055,25.0,25.5,25.899999618530273,19300.0,15.65756893157959
2001-10-24,26.450000762939453,25.5,25.700000762939453,25.829999923706055,33500.0,15.615251541137695
2001-10-25,25.950000762939453,24.799999237060547,25.0,25.950000762939453,6500.0,15.687801361083984
2001-10-26,25.950000762939453,25.15999984741211,25.15999984741211,25.709999084472656,15400.0,15.542705535888672
2001-10-29,25.959999084472656,25.399999618530273,25.959999084472656,25.549999237060547,17400.0,15.445985794067383
2001-10-30,24.399999618530273,23.899999618530273,24.299999237060547,24.100000381469727,15400.0,14.569396018981934
2001-10-31,24.549999237060547,23.799999237060547,24.3799991607666,23.799999237060547,38300.0,14.388036727905273
2001-11-01,24.200000762939453,23.75,24.200000762939453,24.200000762939453,46900.0,14.629852294921875
2001-11-02,25.010000228881836,24.700000762939453,24.719999313354492,25.0,21500.0,15.113483428955078
2001-11-05,26.1299991607666,25.600000381469727,25.809999465942383,25.799999237060547,26900.0,15.597118377685547
2001-11-06,26.389999389648438,25.540000915527344,25.540000915527344,26.389999389648438,26200.0,15.953798294067383
2001-11-07,27.350000381469727,26.299999237060547,27.0,26.75,11100.0,16.17142677307129
2001-11-08,29.200000762939453,27.600000381469727,27.899999618530273,28.200000762939453,22600.0,17.048009872436523
2001-11-09,27.8799991607666,27.459999084472656,27.8799991607666,27.56999969482422,43500.0,16.667150497436523
2001-11-12,27.25,26.0,26.0,26.690000534057617,18700.0,16.135154724121094
2001-11-13,28.75,27.0,27.049999237060547,28.34000015258789,45500.0,17.132648468017578
2001-11-14,29.049999237060547,28.100000381469727,28.549999237060547,28.329999923706055,50200.0,17.126605987548828
2001-11-15,30.0,28.90999984741211,28.90999984741211,29.0,23000.0,17.53164291381836
2001-11-16,30.299999237060547,29.6299991607666,29.6299991607666,30.290000915527344,7500.0,18.311500549316406
2001-11-19,31.229999542236328,29.950000762939453,31.200000762939453,30.34000015258789,43900.0,18.34173011779785
2001-11-20,29.940000534057617,28.260000228881836,29.25,28.799999237060547,17800.0,17.41073226928711
2001-11-21,28.940000534057617,28.100000381469727,28.940000534057617,28.5,9600.0,17.229373931884766
2001-11-23,28.979999542236328,28.149999618530273,28.25,28.440000534057617,8600.0,17.193099975585938
2001-11-26,29.0,28.510000228881836,28.59000015258789,29.0,11600.0,17.53164291381836
2001-11-27,29.200000762939453,28.280000686645508,28.700000762939453,29.100000381469727,92500.0,17.59209442138672
2001-11-28,28.600000381469727,27.350000381469727,28.0,27.899999618530273,63600.0,16.866653442382812
2001-11-29,28.540000915527344,27.770000457763672,27.899999618530273,28.280000686645508,21900.0,17.09637451171875
2001-11-30,28.399999618530273,27.579999923706055,27.959999084472656,28.200000762939453,27300.0,17.048009872436523
2001-12-03,27.950000762939453,27.049999237060547,27.5,27.649999618530273,8500.0,16.715517044067383
2001-12-04,28.399999618530273,27.100000381469727,27.959999084472656,27.15999984741211,35000.0,16.419288635253906
2001-12-05,30.0,28.700000762939453,29.0,29.600000381469727,27400.0,17.894371032714844
2001-12-06,31.100000381469727,29.649999618530273,30.600000381469727,29.75,63700.0,17.98504638671875
2001-12-07,30.899999618530273,29.899999618530273,30.350000381469727,30.299999237060547,19100.0,18.31754493713379
2001-12-10,29.799999237060547,29.0,29.389999389648438,29.40999984741211,18500.0,17.77950096130371
2001-12-11,31.190000534057617,29.770000457763672,29.969999313354492,30.040000915527344,17400.0,18.16036605834961
2001-12-12,30.100000381469727,29.139999389648438,30.040000915527344,29.149999618530273,12700.0,17.62232780456543
2001-12-13,29.510000228881836,27.959999084472656,28.25,29.290000915527344,25600.0,17.706958770751953
2001-12-14,29.389999389648438,28.299999237060547,28.639999389648438,29.049999237060547,12600.0,17.561866760253906
2001-12-17,30.75,29.5,30.079999923706055,30.350000381469727,23300.0,18.34777069091797
2001-12-18,30.479999542236328,29.5,30.389999389648438,29.729999542236328,21700.0,17.97295570373535
2001-12-19,30.450000762939453,29.25,29.549999237060547,30.100000381469727,16600.0,18.196636199951172
2001-12-20,29.229999542236328,28.399999618530273,28.850000381469727,28.600000381469727,38700.0,17.28982925415039
2001-12-21,29.049999237060547,28.31999969482422,28.559999465942383,29.049999237060547,12700.0,17.561866760253906
2001-12-24,28.950000762939453,28.3799991607666,28.5,28.950000762939453,3200.0,17.50141716003418
2001-12-26,29.010000228881836,28.25,28.899999618530273,28.549999237060547,17000.0,17.259601593017578
2001-12-27,29.1299991607666,28.299999237060547,28.579999923706055,28.75,21000.0,17.380504608154297
2001-12-28,29.59000015258789,28.200000762939453,28.790000915527344,29.229999542236328,17900.0,17.670690536499023
2001-12-31,29.1299991607666,28.739999771118164,29.1299991607666,29.020000457763672,13900.0,17.543729782104492
2002-01-02,29.770000457763672,29.049999237060547,29.049999237060547,29.389999389648438,21400.0,17.76740837097168
2002-01-03,30.5,29.530000686645508,29.530000686645508,30.229999542236328,33800.0,18.275226593017578
2002-01-04,31.489999771118164,30.790000915527344,31.010000228881836,31.100000381469727,19600.0,18.801179885864258
2002-01-07,31.75,30.899999618530273,31.299999237060547,30.950000762939453,18900.0,18.710491180419922
2002-01-08,31.799999237060547,30.389999389648438,31.799999237060547,30.65999984741211,19100.0,18.53518295288086
2002-01-09,30.920000076293945,30.450000762939453,30.75,30.59000015258789,15400.0,18.492860794067383
2002-01-10,30.579999923706055,29.959999084472656,30.299999237060547,30.360000610351562,16900.0,18.35381507873535
2002-01-11,31.649999618530273,30.5,31.649999618530273,30.600000381469727,24900.0,18.49890899658203
2002-01-14,31.100000381469727,30.450000762939453,30.850000381469727,30.600000381469727,70900.0,18.49890899658203
2002-01-15,30.940000534057617,30.0,30.469999313354492,30.739999771118164,12300.0,18.583539962768555
2002-01-16,30.450000762939453,29.260000228881836,29.75,29.989999771118164,17100.0,18.13014030456543
2002-01-17,30.200000762939453,29.5,30.200000762939453,29.799999237060547,9600.0,18.015274047851562
2002-01-18,29.190000534057617,28.700000762939453,29.0,29.0,109600.0,17.53164291381836
2002-01-22,29.0,28.149999618530273,28.649999618530273,28.350000381469727,11600.0,17.138694763183594
2002-01-23,27.799999237060547,27.200000762939453,27.440000534057617,27.459999084472656,16600.0,16.60065460205078
2002-01-24,29.25,27.90999984741211,27.959999084472656,28.549999237060547,53500.0,17.259601593017578
2002-01-25,28.0,27.0,27.270000457763672,27.670000076293945,19000.0,16.727602005004883
2002-01-28,27.799999237060547,26.75,27.639999389648438,27.100000381469727,42300.0,16.383020401000977
2002-01-29,27.100000381469727,26.0,27.100000381469727,26.0,23500.0,15.718024253845215
2002-01-30,26.950000762939453,25.299999237060547,26.0,26.75,63900.0,16.17142677307129
2002-01-31,28.0,26.200000762939453,26.5,27.84000015258789,32400.0,16.83037567138672
2002-02-01,27.549999237060547,27.0,27.299999237060547,27.15999984741211,24200.0,16.419288635253906
2002-02-04,27.059999465942383,26.100000381469727,27.059999465942383,26.260000228881836,20400.0,15.875205039978027
2002-02-05,25.3799991607666,24.299999237060547,24.799999237060547,25.239999771118164,29000.0,15.258569717407227
2002-02-06,24.540000915527344,23.860000610351562,24.5,24.06999969482422,50900.0,14.551265716552734
2002-02-07,24.540000915527344,23.700000762939453,23.799999237060547,24.350000381469727,46700.0,14.720538139343262
2002-02-08,24.850000381469727,24.200000762939453,24.350000381469727,24.610000610351562,22700.0,14.877720832824707
2002-02-11,26.25,24.93000030517578,25.549999237060547,25.8700008392334,37000.0,15.639427185058594
2002-02-12,25.610000610351562,25.0,25.399999618530273,25.59000015258789,27200.0,15.470161437988281
2002-02-13,25.850000381469727,24.950000762939453,25.100000381469727,25.399999618530273,32500.0,15.355300903320312
2002-02-14,26.149999618530273,25.280000686645508,25.600000381469727,25.540000915527344,14500.0,15.439937591552734
2002-02-15,25.979999542236328,24.809999465942383,25.979999542236328,24.93000030517578,13600.0,15.071170806884766
2002-02-19,24.90999984741211,23.799999237060547,24.90999984741211,24.0,13500.0,14.508943557739258
2002-02-20,23.639999389648438,23.049999237060547,23.639999389648438,23.350000381469727,19500.0,14.115998268127441
2002-02-21,24.40999984741211,22.950000762939453,23.899999618530273,23.31999969482422,85300.0,14.097858428955078
2002-02-22,23.65999984741211,22.559999465942383,23.25,23.65999984741211,37000.0,14.303400993347168
2002-02-25,24.100000381469727,23.399999618530273,23.770000457763672,23.809999465942383,29100.0,14.39408016204834
2002-02-26,24.5,23.719999313354492,24.5,23.920000076293945,12200.0,14.460577964782715
2002-02-27,24.989999771118164,24.510000228881836,24.799999237060547,24.610000610351562,8200.0,14.877720832824707
2002-02-28,25.06999969482422,23.770000457763672,24.299999237060547,23.899999618530273,15400.0,14.44848918914795
2002-03-01,25.18000030517578,24.18000030517578,24.299999237060547,25.059999465942383,13300.0,15.149761199951172
2002-03-04,27.68000030517578,26.149999618530273,26.399999618530273,27.600000381469727,77900.0,16.68529510498047
2002-03-05,27.100000381469727,26.25,26.700000762939453,26.600000381469727,36400.0,16.080745697021484
2002-03-06,27.75,27.15999984741211,27.15999984741211,27.299999237060547,44300.0,16.50392723083496
2002-03-07,28.829999923706055,28.079999923706055,28.610000610351562,28.09000015258789,31400.0,16.981508255004883
2002-03-08,28.690000534057617,28.100000381469727,28.600000381469727,28.149999618530273,18500.0,17.017786026000977
2002-03-11,28.280000686645508,27.309999465942383,28.049999237060547,27.739999771118164,21800.0,16.769920349121094
2002-03-12,27.450000762939453,26.579999923706055,27.299999237060547,27.239999771118164,14700.0,16.4676513671875
2002-03-13,27.5,26.8700008392334,27.280000686645508,27.100000381469727,10700.0,16.383020401000977
2002-03-14,28.350000381469727,27.600000381469727,27.950000762939453,28.299999237060547,32900.0,17.10846710205078
2002-03-15,28.200000762939453,27.299999237060547,28.059999465942383,27.989999771118164,18100.0,16.921058654785156
2002-03-18,28.489999771118164,27.700000762939453,27.739999771118164,28.299999237060547,10800.0,17.10846710205078
2002-03-19,29.030000686645508,28.0,28.799999237060547,28.489999771118164,11300.0,17.22332763671875
2002-03-20,28.450000762939453,27.530000686645508,27.950000762939453,27.950000762939453,18900.0,16.896883010864258
2002-03-21,27.920000076293945,27.219999313354492,27.75,27.65999984741211,5500.0,16.721559524536133
2002-03-22,28.799999237060547,27.31999969482422,27.700000762939453,28.229999542236328,34700.0,17.066146850585938
2002-03-25,27.989999771118164,27.559999465942383,27.989999771118164,27.739999771118164,21200.0,16.769920349121094
2002-03-26,27.8700008392334,27.010000228881836,27.81999969482422,27.389999389648438,24500.0,16.558332443237305
2002-03-27,28.25,27.420000076293945,27.420000076293945,27.68000030517578,13800.0,16.7336483001709
2002-03-28,28.700000762939453,27.649999618530273,28.0,27.739999771118164,16900.0,16.769920349121094
2002-04-01,28.489999771118164,27.56999969482422,27.799999237060547,27.649999618530273,18500.0,16.715517044067383
2002-04-02,27.799999237060547,27.25,27.25,27.5,10200.0,16.624832153320312
2002-04-03,28.06999969482422,27.25,28.059999465942383,27.350000381469727,15100.0,16.646007537841797
2002-04-04,27.549999237060547,27.049999237060547,27.549999237060547,27.5,11200.0,16.737306594848633
2002-04-05,27.549999237060547,26.899999618530273,27.3700008392334,27.040000915527344,4500.0,16.457338333129883
2002-04-08,26.600000381469727,25.780000686645508,25.959999084472656,26.299999237060547,36600.0,16.0069522857666
2002-04-09,26.420000076293945,26.040000915527344,26.420000076293945,26.1200008392334,14000.0,15.8974027633667
2002-04-10,26.25,25.549999237060547,26.0,26.030000686645508,28700.0,15.842623710632324
2002-04-11,25.280000686645508,24.010000228881836,25.260000228881836,24.729999542236328,45700.0,15.051407814025879
2002-04-12,24.959999084472656,24.559999465942383,24.719999313354492,24.700000762939453,41600.0,15.033143997192383
2002-04-15,25.260000228881836,24.389999389648438,24.850000381469727,25.0,44100.0,15.21573257446289
2002-04-16,25.899999618530273,25.600000381469727,25.600000381469727,25.84000015258789,12500.0,15.726982116699219
2002-04-17,26.739999771118164,25.899999618530273,26.5,26.399999618530273,16900.0,16.067811965942383
2002-04-18,25.729999542236328,25.010000228881836,25.5,25.299999237060547,18900.0,15.398323059082031
2002-04-19,24.81999969482422,24.440000534057617,24.739999771118164,24.780000686645508,16800.0,15.081835746765137
2002-04-22,24.149999618530273,23.389999389648438,23.8700008392334,23.75,21500.0,14.45494556427002
2002-04-23,24.020000457763672,23.200000762939453,23.68000030517578,24.010000228881836,13400.0,14.613191604614258
2002-04-24,24.209999084472656,23.309999465942383,24.030000686645508,23.690000534057617,6900.0,14.418428421020508
2002-04-25,24.270000457763672,23.0,23.239999771118164,23.600000381469727,15700.0,14.363656044006348
2002-04-26,23.280000686645508,22.549999237060547,23.0,22.770000457763672,17900.0,13.858489036560059
2002-04-29,22.200000762939453,21.31999969482422,21.979999542236328,21.75,13500.0,13.237688064575195
2002-04-30,21.899999618530273,21.049999237060547,21.200000762939453,21.75,32000.0,13.237688064575195
2002-05-01,22.0,21.420000076293945,21.959999084472656,21.920000076293945,15400.0,13.341158866882324
2002-05-02,22.799999237060547,22.309999465942383,22.309999465942383,22.799999237060547,26800.0,13.876744270324707
2002-05-03,22.299999237060547,21.510000228881836,22.0,22.15999984741211,330400.0,13.487225532531738
2002-05-06,22.670000076293945,22.149999618530273,22.25,22.149999618530273,16600.0,13.481138229370117
2002-05-07,21.809999465942383,21.149999618530273,21.149999618530273,21.479999542236328,18600.0,13.073358535766602
2002-05-08,23.239999771118164,22.299999237060547,23.0,22.6200008392334,71300.0,13.76719856262207
2002-05-09,22.75,21.399999618530273,22.600000381469727,21.84000015258789,45300.0,13.292468070983887
2002-05-10,21.8799991607666,21.399999618530273,21.399999618530273,21.6200008392334,13300.0,13.158568382263184
2002-05-13,22.149999618530273,21.450000762939453,21.5,21.729999542236328,12200.0,13.225515365600586
2002-05-14,22.850000381469727,21.920000076293945,22.18000030517578,22.579999923706055,44800.0,13.74284839630127
2002-05-15,22.729999542236328,22.299999237060547,22.6299991607666,22.6299991607666,8000.0,13.773285865783691
2002-05-16,22.59000015258789,22.059999465942383,22.59000015258789,22.059999465942383,4200.0,13.42636489868164
2002-05-17,22.0,21.299999237060547,22.0,21.56999969482422,93200.0,13.128138542175293
2002-05-20,21.5,21.15999984741211,21.5,21.15999984741211,6700.0,12.878594398498535
2002-05-21,21.25,20.899999618530273,21.25,21.030000686645508,59800.0,12.79947566986084
2002-05-22,20.969999313354492,20.530000686645508,20.549999237060547,20.899999618530273,18300.0,12.720354080200195
2002-05-23,21.049999237060547,20.670000076293945,20.850000381469727,21.049999237060547,7300.0,12.811644554138184
2002-05-24,21.219999313354492,20.649999618530273,21.1200008392334,21.020000457763672,14600.0,12.793389320373535
2002-05-28,21.020000457763672,20.440000534057617,21.020000457763672,20.670000076293945,28200.0,12.580367088317871
2002-05-29,20.170000076293945,19.8799991607666,19.8799991607666,19.899999618530273,37400.0,12.111726760864258
2002-05-30,19.75,18.899999618530273,19.0,19.6299991607666,38100.0,11.947396278381348
2002-05-31,20.350000381469727,19.950000762939453,19.950000762939453,20.200000762939453,49800.0,12.29431438446045
2002-06-03,20.25,19.610000610351562,20.25,19.809999465942383,33300.0,12.056944847106934
2002-06-04,20.020000457763672,19.489999771118164,19.81999969482422,19.649999618530273,15900.0,11.959564208984375
2002-06-05,19.809999465942383,19.260000228881836,19.5,19.809999465942383,22900.0,12.056944847106934
2002-06-06,19.700000762939453,18.90999984741211,19.700000762939453,19.3700008392334,16100.0,11.789154052734375
2002-06-07,18.969999313354492,18.3700008392334,18.389999389648438,18.8799991607666,18900.0,11.490920066833496
2002-06-10,18.899999618530273,18.579999923706055,18.6299991607666,18.8700008392334,13100.0,11.48483943939209
2002-06-11,18.799999237060547,18.25,18.65999984741211,18.309999465942383,26700.0,11.144004821777344
2002-06-12,18.450000762939453,17.600000381469727,18.059999465942383,18.239999771118164,149000.0,11.101402282714844
2002-06-13,18.020000457763672,17.65999984741211,18.020000457763672,17.84000015258789,238100.0,10.857948303222656
2002-06-14,17.420000076293945,16.239999771118164,16.790000915527344,17.280000686645508,109000.0,10.517117500305176
2002-06-17,17.690000534057617,16.700000762939453,17.3799991607666,17.690000534057617,82600.0,10.766651153564453
2002-06-18,17.450000762939453,17.100000381469727,17.350000381469727,17.350000381469727,117800.0,10.559721946716309
2002-06-19,16.520000457763672,16.0,16.31999969482422,16.40999984741211,96100.0,9.98760986328125
2002-06-20,16.600000381469727,15.199999809265137,15.300000190734863,16.3799991607666,59400.0,9.96934700012207
2002-06-21,16.729999542236328,16.040000915527344,16.579999923706055,16.06999969482422,28800.0,9.78067398071289
2002-06-24,16.799999237060547,15.720000267028809,16.0,16.209999084472656,37900.0,9.865880966186523
2002-06-25,16.8799991607666,16.049999237060547,16.610000610351562,16.219999313354492,16500.0,9.871968269348145
2002-06-26,16.049999237060547,15.010000228881836,15.010000228881836,15.899999618530273,24500.0,9.67720890045166
2002-06-27,16.399999618530273,15.5,16.280000686645508,16.200000762939453,136300.0,9.859798431396484
2002-06-28,16.81999969482422,16.100000381469727,16.25,16.450000762939453,63600.0,10.011953353881836
2002-07-01,17.0,16.350000381469727,17.0,16.389999389648438,72200.0,9.975433349609375
2002-07-02,16.100000381469727,15.359999656677246,16.100000381469727,15.359999656677246,82600.0,9.34854793548584
2002-07-03,14.899999618530273,14.479999542236328,14.649999618530273,14.65999984741211,59300.0,8.922507286071777
2002-07-05,15.970000267028809,15.0,15.0,15.770000457763672,14900.0,9.598085403442383
2002-07-08,15.8100004196167,15.300000190734863,15.8100004196167,15.5600004196167,53400.0,9.470272064208984
2002-07-09,15.510000228881836,14.65999984741211,15.470000267028809,14.65999984741211,52000.0,8.922507286071777
2002-07-10,15.15999984741211,13.949999809265137,15.079999923706055,14.15999984741211,28300.0,8.618194580078125
2002-07-11,13.989999771118164,13.40999984741211,13.779999732971191,13.989999771118164,45600.0,8.514727592468262
2002-07-12,14.550000190734863,13.710000038146973,14.550000190734863,13.770000457763672,20300.0,8.380827903747559
2002-07-15,14.199999809265137,12.520000457763672,14.199999809265137,13.199999809265137,37400.0,8.033905982971191
2002-07-16,14.399999618530273,13.1899995803833,13.1899995803833,13.680000305175781,34500.0,8.326051712036133
2002-07-17,15.770000457763672,14.720000267028809,15.40999984741211,14.859999656677246,60700.0,9.044232368469238
2002-07-18,16.09000015258789,15.260000228881836,15.399999618530273,15.449999809265137,67900.0,9.403326034545898
2002-07-19,15.609999656677246,14.109999656677246,15.460000038146973,14.180000305175781,53900.0,8.630365371704102
2002-07-22,15.649999618530273,14.0,15.100000381469727,14.40999984741211,78100.0,8.770349502563477
2002-07-23,15.25,13.899999618530273,14.329999923706055,14.399999618530273,179700.0,8.764263153076172
2002-07-24,14.949999809265137,12.90999984741211,13.1899995803833,14.630000114440918,83600.0,8.90424919128418
2002-07-25,15.25,13.890000343322754,14.199999809265137,14.699999809265137,138200.0,8.946852684020996
2002-07-26,14.770000457763672,14.079999923706055,14.199999809265137,14.699999809265137,52300.0,8.946852684020996
2002-07-29,16.540000915527344,15.220000267028809,15.220000267028809,16.31999969482422,38500.0,9.932832717895508
2002-07-30,16.5,15.0,15.449999809265137,15.279999732971191,77500.0,9.299856185913086
2002-07-31,15.229999542236328,14.0,15.100000381469727,15.140000343322754,141100.0,9.214646339416504
2002-08-01,14.699999809265137,12.90999984741211,14.6899995803833,13.399999618530273,106600.0,8.155634880065918
2002-08-02,13.119999885559082,12.489999771118164,13.010000228881836,13.119999885559082,52800.0,7.98521614074707
2002-08-05,12.399999618530273,11.59000015258789,12.399999618530273,11.600000381469727,17100.0,7.060100078582764
2002-08-06,12.5600004196167,12.010000228881836,12.010000228881836,12.520000457763672,58300.0,7.620039939880371
2002-08-07,12.529999732971191,11.949999809265137,12.449999809265137,12.5,19900.0,7.607866287231445
2002-08-08,12.949999809265137,12.149999618530273,12.300000190734863,12.90999984741211,18200.0,7.857405662536621
2002-08-09,13.130000114440918,12.25,12.699999809265137,12.75,42600.0,7.760026931762695
2002-08-12,12.710000038146973,12.149999618530273,12.329999923706055,12.449999809265137,16000.0,7.577437877655029
2002-08-13,12.600000381469727,11.979999542236328,12.199999809265137,12.0,24100.0,7.303551197052002
2002-08-14,12.6899995803833,12.149999618530273,12.149999618530273,12.399999618530273,35300.0,7.5470051765441895
2002-08-15,13.739999771118164,13.100000381469727,13.350000381469727,13.579999923706055,25500.0,8.265185356140137
2002-08-16,13.5,12.850000381469727,13.449999809265137,13.199999809265137,50100.0,8.033905982971191
2002-08-19,14.380000114440918,13.800000190734863,13.930000305175781,14.300000190734863,31900.0,8.703401565551758
2002-08-20,14.850000381469727,14.3100004196167,14.75,14.760000228881836,82300.0,8.983369827270508
2002-08-21,14.84000015258789,14.220000267028809,14.649999618530273,14.75,63800.0,8.97728443145752
2002-08-22,15.050000190734863,14.600000381469727,14.75,15.050000190734863,42400.0,9.159873008728027
2002-08-23,15.25,14.550000190734863,15.100000381469727,14.960000038146973,18600.0,9.105095863342285
2002-08-26,15.350000381469727,14.75,15.0600004196167,15.199999809265137,29700.0,9.251166343688965
2002-08-27,15.039999961853027,14.430000305175781,15.039999961853027,14.65999984741211,14700.0,8.922507286071777
2002-08-28,14.199999809265137,13.600000381469727,14.199999809265137,14.0,27300.0,8.610855102539062
2002-08-29,14.050000190734863,13.329999923706055,13.579999923706055,14.0,17600.0,8.610855102539062
2002-08-30,14.0,13.239999771118164,13.25,14.0,22200.0,8.610855102539062
2002-09-03,12.75,12.09000015258789,12.75,12.529999732971191,39000.0,7.7067155838012695
2002-09-04,12.739999771118164,12.220000267028809,12.489999771118164,12.710000038146973,183200.0,7.817428112030029
2002-09-05,12.619999885559082,11.920000076293945,12.149999618530273,12.279999732971191,146800.0,7.552947998046875
2002-09-06,13.25,12.699999809265137,12.699999809265137,12.890000343322754,33300.0,7.928134918212891
2002-09-09,12.869999885559082,12.300000190734863,12.710000038146973,12.84000015258789,25200.0,7.897383689880371
2002-09-10,12.850000381469727,12.279999732971191,12.850000381469727,12.680000305175781,443900.0,7.798971652984619
2002-09-11,12.789999961853027,12.59000015258789,12.75,12.619999885559082,25200.0,7.7620720863342285
2002-09-12,12.3100004196167,11.800000190734863,12.279999732971191,12.0,93700.0,7.380734920501709
2002-09-13,11.920000076293945,11.369999885559082,11.800000190734863,11.829999923706055,51400.0,7.276171684265137
2002-09-16,11.800000190734863,11.510000228881836,11.649999618530273,11.649999618530273,17100.0,7.165462970733643
2002-09-17,11.720000267028809,11.0,11.699999809265137,11.350000381469727,116600.0,6.9809465408325195
2002-09-18,11.079999923706055,10.079999923706055,10.970000267028809,10.899999618530273,130100.0,6.704165458679199
2002-09-19,10.5,10.140000343322754,10.420000076293945,10.15999984741211,59800.0,6.249018669128418
2002-09-20,10.649999618530273,10.34000015258789,10.34000015258789,10.380000114440918,17100.0,6.38433313369751
2002-09-23,10.25,9.149999618530273,10.25,9.529999732971191,152300.0,5.861532688140869
2002-09-24,9.920000076293945,9.350000381469727,9.350000381469727,9.420000076293945,24500.0,5.793875217437744
2002-09-25,10.199999809265137,9.600000381469727,10.149999618530273,10.039999961853027,51500.0,6.1752142906188965
2002-09-26,10.4399995803833,10.149999618530273,10.149999618530273,10.279999732971191,44000.0,6.322826862335205
2002-09-27,10.5,10.119999885559082,10.239999771118164,10.229999542236328,31300.0,6.292072296142578
2002-09-30,9.850000381469727,9.170000076293945,9.84000015258789,9.680000305175781,59700.0,5.953793048858643
2002-10-01,10.199999809265137,9.079999923706055,9.600000381469727,10.100000381469727,138700.0,6.212117671966553
2002-10-02,10.300000190734863,9.600000381469727,9.770000457763672,9.680000305175781,63700.0,5.953793048858643
2002-10-03,9.760000228881836,9.100000381469727,9.5,9.350000381469727,43100.0,5.750823020935059
2002-10-04,9.109999656677246,8.550000190734863,9.0,8.949999809265137,45600.0,5.504796981811523
2002-10-07,8.949999809265137,8.600000381469727,8.800000190734863,8.65999984741211,27900.0,5.32642936706543
2002-10-08,8.739999771118164,8.34000015258789,8.729999542236328,8.550000190734863,15500.0,5.258771896362305
2002-10-09,8.359999656677246,7.860000133514404,8.359999656677246,7.980000019073486,46200.0,4.908187389373779
2002-10-10,8.529999732971191,7.619999885559082,7.710000038146973,8.470000267028809,50000.0,5.209567546844482
2002-10-11,9.369999885559082,8.960000038146973,8.960000038146973,9.210000038146973,45300.0,5.6647114753723145
2002-10-14,9.5,9.109999656677246,9.109999656677246,9.369999885559082,104300.0,5.763121604919434
2002-10-15,10.720000267028809,10.109999656677246,10.149999618530273,10.619999885559082,71800.0,6.531949520111084
2002-10-16,10.539999961853027,10.029999732971191,10.520000457763672,10.149999618530273,48100.0,6.242868900299072
2002-10-17,11.5,10.75,11.09000015258789,11.0,70000.0,6.765672206878662
2002-10-18,11.289999961853027,10.640000343322754,11.0,11.050000190734863,31500.0,6.796426773071289
2002-10-21,11.630000114440918,11.0,11.399999618530273,11.579999923706055,157000.0,7.122409820556641
2002-10-22,11.460000038146973,10.90999984741211,11.050000190734863,11.399999618530273,33200.0,7.011695861816406
2002-10-23,11.130000114440918,10.369999885559082,10.779999732971191,10.890000343322754,235800.0,6.698016166687012
2002-10-24,12.0,11.520000457763672,11.899999618530273,11.600000381469727,214900.0,7.134706974029541
2002-10-25,12.399999618530273,11.600000381469727,11.720000267028809,12.130000114440918,64600.0,7.460689067840576
2002-10-28,13.229999542236328,12.600000381469727,12.680000305175781,13.039999961853027,56900.0,8.020394325256348
2002-10-29,12.600000381469727,12.09000015258789,12.5,12.600000381469727,75400.0,7.749770641326904
2002-10-30,12.649999618530273,12.300000190734863,12.449999809265137,12.520000457763672,30900.0,7.700566291809082
2002-10-31,12.789999961853027,12.300000190734863,12.680000305175781,12.5,75100.0,7.688261032104492
2002-11-01,12.760000228881836,12.289999961853027,12.350000381469727,12.65999984741211,21200.0,7.786674499511719
2002-11-04,13.15999984741211,12.829999923706055,12.84000015258789,13.069999694824219,31100.0,8.03884506225586
2002-11-05,13.100000381469727,12.770000457763672,12.800000190734863,13.0,16100.0,7.995792865753174
2002-11-06,13.800000190734863,13.319999694824219,13.430000305175781,13.800000190734863,40300.0,8.487844467163086
2002-11-07,13.600000381469727,13.0,13.5,13.319999694824219,24600.0,8.192614555358887
2002-11-08,13.350000381469727,12.960000038146973,13.350000381469727,13.100000381469727,37300.0,8.057302474975586
2002-11-11,13.0,12.449999809265137,12.899999618530273,12.479999542236328,15800.0,7.675960063934326
2002-11-12,13.0,12.510000228881836,12.550000190734863,12.800000190734863,27200.0,7.8727827072143555
2002-11-13,12.630000114440918,12.170000076293945,12.390000343322754,12.430000305175781,44600.0,7.6452107429504395
2002-11-14,13.140000343322754,12.430000305175781,12.710000038146973,13.050000190734863,66400.0,8.026548385620117
2002-11-15,13.630000114440918,13.0600004196167,13.149999618530273,13.5,20700.0,8.303323745727539
2002-11-18,13.899999618530273,13.40999984741211,13.899999618530273,13.739999771118164,36000.0,8.450940132141113
2002-11-19,13.520000457763672,13.239999771118164,13.399999618530273,13.270000457763672,20400.0,8.161861419677734
2002-11-20,13.949999809265137,13.079999923706055,13.210000038146973,13.699999809265137,17100.0,8.426337242126465
2002-11-21,15.199999809265137,14.199999809265137,14.25,14.859999656677246,42600.0,9.13980770111084
2002-11-22,15.5,14.649999618530273,14.869999885559082,14.880000114440918,43500.0,9.15211009979248
2002-11-25,14.880000114440918,14.359999656677246,14.449999809265137,14.699999809265137,40700.0,9.041399002075195
2002-11-26,14.149999618530273,13.609999656677246,14.039999961853027,13.630000114440918,37300.0,8.383283615112305
2002-11-27,14.59000015258789,13.800000190734863,13.800000190734863,14.550000190734863,22900.0,8.949138641357422
2002-11-29,15.5,14.569999694824219,14.729999542236328,14.569999694824219,15000.0,8.961441993713379
2002-12-02,15.699999809265137,14.90999984741211,15.670000076293945,15.050000190734863,36100.0,9.256669044494629
2002-12-03,15.050000190734863,14.0600004196167,14.899999618530273,14.640000343322754,62900.0,9.004495620727539
2002-12-04,14.779999732971191,13.890000343322754,13.890000343322754,14.6899995803833,56000.0,9.035246849060059
2002-12-05,14.100000381469727,13.710000038146973,14.100000381469727,13.930000305175781,47700.0,8.567801475524902
2002-12-06,13.640000343322754,13.100000381469727,13.140000343322754,13.640000343322754,113500.0,8.389433860778809
2002-12-09,13.600000381469727,13.020000457763672,13.350000381469727,13.329999923706055,171600.0,8.198765754699707
2002-12-10,13.279999732971191,13.0,13.100000381469727,13.0600004196167,57800.0,8.032699584960938
2002-12-11,14.0,13.140000343322754,13.270000457763672,13.619999885559082,147800.0,8.3771333694458
2002-12-12,14.180000305175781,13.600000381469727,13.720000267028809,14.09000015258789,152900.0,8.666208267211914
2002-12-13,13.050000190734863,12.729999542236328,12.829999923706055,12.859999656677246,57200.0,7.909683704376221
2002-12-16,13.930000305175781,12.899999618530273,12.899999618530273,13.899999618530273,58900.0,8.549348831176758
2002-12-17,13.350000381469727,13.050000190734863,13.300000190734863,13.289999961853027,24900.0,8.174164772033691
2002-12-18,13.010000228881836,12.5,13.0,12.510000228881836,64500.0,7.694416522979736
2002-12-19,12.579999923706055,12.050000190734863,12.289999961853027,12.390000343322754,88700.0,7.620607376098633
2002-12-20,13.300000190734863,12.600000381469727,12.600000381469727,13.100000381469727,21400.0,8.057302474975586
2002-12-23,12.850000381469727,12.5,12.800000190734863,12.5,23500.0,7.688261032104492
2002-12-24,12.949999809265137,12.449999809265137,12.619999885559082,12.720000267028809,25200.0,7.823577880859375
2002-12-26,12.899999618530273,12.5,12.819999694824219,12.539999961853027,8800.0,7.712865352630615
2002-12-27,12.569999694824219,12.199999809265137,12.460000038146973,12.210000038146973,14900.0,7.509896278381348
2002-12-30,12.739999771118164,12.199999809265137,12.65999984741211,12.329999923706055,48000.0,7.583703994750977
2002-12-31,12.90999984741211,12.210000038146973,12.300000190734863,12.600000381469727,33400.0,7.749770641326904
2003-01-02,13.399999618530273,12.739999771118164,12.739999771118164,13.270000457763672,48600.0,8.161861419677734
2003-01-03,13.399999618530273,13.0,13.369999885559082,13.140000343322754,35100.0,8.081903457641602
2003-01-06,13.649999618530273,13.140000343322754,13.15999984741211,13.539999961853027,47400.0,8.327926635742188
2003-01-07,13.539999961853027,13.180000305175781,13.449999809265137,13.399999618530273,21900.0,8.24181842803955
2003-01-08,13.140000343322754,12.75,13.140000343322754,12.75,55500.0,7.842028617858887
2003-01-09,13.289999961853027,12.850000381469727,12.850000381469727,13.229999542236328,38800.0,8.137259483337402
2003-01-10,13.630000114440918,13.260000228881836,13.300000190734863,13.40999984741211,15600.0,8.247971534729004
2003-01-13,13.949999809265137,13.300000190734863,13.949999809265137,13.449999809265137,18100.0,8.272570610046387
2003-01-14,13.520000457763672,13.199999809265137,13.449999809265137,13.489999771118164,16100.0,8.297172546386719
2003-01-15,13.489999771118164,13.100000381469727,13.489999771118164,13.350000381469727,18400.0,8.211064338684082
2003-01-16,13.5600004196167,13.239999771118164,13.329999923706055,13.329999923706055,13300.0,8.198765754699707
2003-01-17,13.239999771118164,12.9399995803833,13.100000381469727,12.949999809265137,28100.0,7.96504020690918
2003-01-21,12.449999809265137,11.979999542236328,12.270000457763672,12.09000015258789,78100.0,7.436089515686035
2003-01-22,12.1899995803833,11.760000228881836,11.989999771118164,11.890000343322754,21300.0,7.313076972961426
2003-01-23,12.15999984741211,11.380000114440918,12.15999984741211,11.460000038146973,52500.0,7.0485992431640625
2003-01-24,12.0,11.649999618530273,11.899999618530273,11.829999923706055,34600.0,7.276171684265137
2003-01-27,11.5,10.600000381469727,11.5,10.779999732971191,45300.0,6.6303606033325195
2003-01-28,11.390000343322754,10.75,10.880000114440918,11.350000381469727,45400.0,6.9809465408325195
2003-01-29,11.109999656677246,10.65999984741211,11.0,11.109999656677246,60200.0,6.83333158493042
2003-01-30,11.800000190734863,11.210000038146973,11.210000038146973,11.529999732971191,89100.0,7.091651439666748
2003-01-31,11.550000190734863,10.859999656677246,11.149999618530273,11.550000190734863,27600.0,7.10396146774292
2003-02-03,12.0,11.449999809265137,11.899999618530273,11.90999984741211,50900.0,7.325377941131592
2003-02-04,11.5,10.890000343322754,11.5,11.109999656677246,11400.0,6.83333158493042
2003-02-05,11.1899995803833,10.569999694824219,10.649999618530273,10.789999961853027,50400.0,6.636508464813232
2003-02-06,10.479999542236328,10.15999984741211,10.399999618530273,10.300000190734863,62200.0,6.335126876831055
2003-02-07,10.65999984741211,10.239999771118164,10.319999694824219,10.479999542236328,27700.0,6.445840358734131
2003-02-10,10.350000381469727,10.0600004196167,10.34000015258789,10.170000076293945,42400.0,6.255172252655029
2003-02-11,10.550000190734863,10.100000381469727,10.199999809265137,10.260000228881836,26600.0,6.310525417327881
2003-02-12,9.949999809265137,9.4399995803833,9.800000190734863,9.600000381469727,99400.0,5.904587268829346
2003-02-13,9.899999618530273,9.199999809265137,9.630000114440918,9.770000457763672,32000.0,6.009148120880127
2003-02-14,9.770000457763672,9.300000190734863,9.5,9.739999771118164,40100.0,5.990694522857666
2003-02-18,10.149999618530273,9.800000190734863,9.800000190734863,10.010000228881836,66400.0,6.15676212310791
2003-02-19,10.0,9.5,10.0,9.699999809265137,30800.0,5.966091632843018
2003-02-20,9.8100004196167,9.550000190734863,9.680000305175781,9.75,10500.0,5.996846675872803
2003-02-21,9.609999656677246,9.260000228881836,9.350000381469727,9.5,23000.0,5.843079090118408
2003-02-24,9.649999618530273,9.350000381469727,9.59000015258789,9.449999809265137,48700.0,5.812327861785889
2003-02-25,8.949999809265137,8.600000381469727,8.949999809265137,8.920000076293945,148100.0,5.486344814300537
2003-02-26,8.899999618530273,8.600000381469727,8.869999885559082,8.649999618530273,100300.0,5.320278167724609
2003-02-27,9.15999984741211,8.699999809265137,8.720000267028809,8.880000114440918,232600.0,5.461743354797363
2003-02-28,9.550000190734863,9.020000457763672,9.020000457763672,9.359999656677246,40900.0,5.756972789764404
2003-03-03,9.699999809265137,9.220000267028809,9.600000381469727,9.25,35900.0,5.689314365386963
2003-03-04,9.430000305175781,9.1899995803833,9.279999732971191,9.289999961853027,27000.0,5.713917255401611
2003-03-05,9.170000076293945,8.899999618530273,9.130000114440918,9.069999694824219,52900.0,5.578604221343994
2003-03-06,9.0600004196167,8.75,8.869999885559082,9.0,27100.0,5.535551071166992
2003-03-07,8.739999771118164,8.5,8.699999809265137,8.729999542236328,37200.0,5.369482040405273
2003-03-10,8.649999618530273,8.25,8.649999618530273,8.390000343322754,55600.0,5.160362243652344
2003-03-11,8.5,8.25,8.350000381469727,8.270000457763672,54100.0,5.0865559577941895
2003-03-12,8.25,7.650000095367432,8.25,7.920000076293945,70200.0,4.871284008026123
2003-03-13,8.739999771118164,8.050000190734863,8.050000190734863,8.6899995803833,71600.0,5.344880104064941
2003-03-14,8.970000267028809,8.550000190734863,8.729999542236328,8.859999656677246,35500.0,5.449440002441406
2003-03-17,10.100000381469727,8.960000038146973,8.960000038146973,10.0,178600.0,6.1506123542785645
2003-03-18,10.100000381469727,9.829999923706055,10.100000381469727,10.039999961853027,115300.0,6.1752142906188965
2003-03-19,10.350000381469727,9.989999771118164,10.279999732971191,10.069999694824219,55500.0,6.193665504455566
2003-03-20,10.039999961853027,9.539999961853027,9.800000190734863,9.899999618530273,68600.0,6.08910608291626
2003-03-21,10.739999771118164,9.819999694824219,10.039999961853027,10.609999656677246,113500.0,6.525796890258789
2003-03-24,10.140000343322754,9.649999618530273,10.0,9.819999694824219,165600.0,6.039901256561279
2003-03-25,10.079999923706055,9.5,9.739999771118164,9.989999771118164,87900.0,6.144458770751953
2003-03-26,10.020000457763672,9.720000267028809,9.949999809265137,9.90999984741211,80400.0,6.095256328582764
2003-03-27,9.739999771118164,9.470000267028809,9.649999618530273,9.739999771118164,72700.0,5.990694522857666
2003-03-28,9.489999771118164,9.25,9.350000381469727,9.449999809265137,52900.0,5.812327861785889
2003-03-31,9.239999771118164,8.90999984741211,8.930000305175781,9.140000343322754,164000.0,5.621659755706787
2003-04-01,9.399999618530273,9.130000114440918,9.199999809265137,9.300000190734863,60600.0,5.72006893157959
2003-04-02,10.09000015258789,9.75,9.75,10.020000457763672,213800.0,6.307163238525391
2003-04-03,10.029999732971191,9.649999618530273,10.029999732971191,9.859999656677246,86300.0,6.206447601318359
2003-04-04,10.100000381469727,9.890000343322754,9.930000305175781,9.989999771118164,44700.0,6.288276672363281
2003-04-07,10.819999694824219,10.319999694824219,10.710000038146973,10.319999694824219,63900.0,6.496000289916992
2003-04-08,10.4399995803833,10.170000076293945,10.40999984741211,10.270000457763672,40400.0,6.4645280838012695
2003-04-09,10.529999732971191,10.149999618530273,10.329999923706055,10.300000190734863,27200.0,6.483409881591797
2003-04-10,10.199999809265137,9.770000457763672,10.199999809265137,10.050000190734863,55100.0,6.326047420501709
2003-04-11,10.390000343322754,10.029999732971191,10.270000457763672,10.199999809265137,19300.0,6.420465469360352
2003-04-14,10.75,10.380000114440918,10.699999809265137,10.699999809265137,33100.0,6.735194683074951
2003-04-15,11.119999885559082,10.300000190734863,10.949999809265137,10.720000267028809,100900.0,6.747783184051514
2003-04-16,11.140000343322754,10.319999694824219,11.140000343322754,10.399999618530273,114100.0,6.54635763168335
2003-04-17,11.109999656677246,10.670000076293945,10.829999923706055,11.079999923706055,62100.0,6.974386215209961
2003-04-21,11.180000305175781,10.869999885559082,11.180000305175781,11.069999694824219,12800.0,6.9680914878845215
2003-04-22,11.449999809265137,10.75,10.75,11.449999809265137,103000.0,7.207286834716797
2003-04-23,12.119999885559082,11.550000190734863,11.59000015258789,11.979999542236328,60600.0,7.540900230407715
2003-04-24,11.600000381469727,11.170000076293945,11.5,11.25,43400.0,7.081397533416748
2003-04-25,11.140000343322754,10.84000015258789,11.0,10.970000267028809,31900.0,6.90514612197876
2003-04-28,11.399999618530273,10.649999618530273,10.649999618530273,11.15999984741211,56900.0,7.02474308013916
2003-04-29,10.739999771118164,10.029999732971191,10.40999984741211,10.579999923706055,97200.0,6.659658432006836
2003-04-30,11.270000457763672,10.800000190734863,10.800000190734863,11.109999656677246,48200.0,6.993274211883545
2003-05-01,10.800000190734863,10.449999809265137,10.699999809265137,10.6899995803833,82400.0,6.728899002075195
2003-05-02,10.850000381469727,10.399999618530273,10.399999618530273,10.829999923706055,50500.0,6.817022800445557
2003-05-05,11.0,10.729999542236328,10.930000305175781,10.869999885559082,95500.0,6.842202663421631
2003-05-06,11.390000343322754,10.84000015258789,10.84000015258789,11.300000190734863,34000.0,7.112870693206787
2003-05-07,11.489999771118164,11.039999961853027,11.300000190734863,11.300000190734863,27200.0,7.112870693206787
2003-05-08,11.0,10.529999732971191,11.0,10.779999732971191,49600.0,6.78555154800415
2003-05-09,11.449999809265137,10.930000305175781,11.050000190734863,11.25,85300.0,7.081397533416748
2003-05-12,11.420000076293945,10.960000038146973,11.09000015258789,11.359999656677246,98300.0,7.150636196136475
2003-05-13,11.350000381469727,11.0,11.119999885559082,11.100000381469727,49700.0,6.986977577209473
2003-05-14,11.380000114440918,11.050000190734863,11.199999809265137,11.329999923706055,24600.0,7.131750583648682
2003-05-15,11.699999809265137,11.300000190734863,11.34000015258789,11.600000381469727,22600.0,7.301706314086914
2003-05-16,12.25,11.949999809265137,12.100000381469727,12.1899995803833,32900.0,7.673083782196045
2003-05-19,11.6899995803833,11.399999618530273,11.649999618530273,11.550000190734863,50000.0,7.270233154296875
2003-05-20,11.930000305175781,11.460000038146973,11.65999984741211,11.789999961853027,17400.0,7.421299934387207
2003-05-21,11.470000267028809,11.100000381469727,11.390000343322754,11.329999923706055,27300.0,7.131750583648682
2003-05-22,11.75,11.149999618530273,11.40999984741211,11.680000305175781,421000.0,7.3520612716674805
2003-05-23,11.640000343322754,11.210000038146973,11.399999618530273,11.5,48400.0,7.2387590408325195
2003-05-27,11.34000015258789,10.90999984741211,11.0,11.329999923706055,116700.0,7.131750583648682
2003-05-28,11.680000305175781,11.050000190734863,11.40999984741211,11.300000190734863,213200.0,7.112870693206787
2003-05-29,12.199999809265137,11.699999809265137,11.8100004196167,12.069999694824219,104200.0,7.597553253173828
2003-05-30,12.460000038146973,11.84000015258789,11.920000076293945,12.380000114440918,50200.0,7.792683124542236
2003-06-02,13.350000381469727,12.75,12.869999885559082,13.0,67200.0,8.18294620513916
2003-06-03,12.880000114440918,12.470000267028809,12.720000267028809,12.710000038146973,36600.0,8.000405311584473
2003-06-04,13.449999809265137,12.699999809265137,12.800000190734863,13.399999618530273,55600.0,8.43472957611084
2003-06-05,13.579999923706055,13.050000190734863,13.25,13.5,46100.0,8.497674942016602
2003-06-06,14.369999885559082,13.899999618530273,14.149999618530273,13.920000076293945,136200.0,8.76204776763916
2003-06-09,13.890000343322754,13.460000038146973,13.890000343322754,13.630000114440918,72600.0,8.579505920410156
2003-06-10,13.800000190734863,13.529999732971191,13.619999885559082,13.699999809265137,127400.0,8.623563766479492
2003-06-11,14.609999656677246,14.199999809265137,14.539999961853027,14.550000190734863,206800.0,9.158604621887207
2003-06-12,15.149999618530273,14.59000015258789,15.0,14.819999694824219,172500.0,9.328557968139648
2003-06-13,15.390000343322754,14.970000267028809,15.289999961853027,15.029999732971191,81600.0,9.460741996765137
2003-06-16,15.420000076293945,14.9399995803833,15.130000114440918,15.350000381469727,31000.0,9.66217041015625
2003-06-17,16.0,15.420000076293945,15.75,15.529999732971191,57200.0,9.775473594665527
2003-06-18,15.399999618530273,14.970000267028809,15.0,15.220000267028809,45400.0,9.580342292785645
2003-06-19,14.890000343322754,14.520000457763672,14.699999809265137,14.619999885559082,49400.0,9.202667236328125
2003-06-20,14.350000381469727,13.970000267028809,14.0,14.050000190734863,70800.0,8.843875885009766
2003-06-23,14.0,13.420000076293945,14.0,13.5600004196167,54200.0,8.535443305969238
2003-06-24,13.850000381469727,13.34000015258789,13.350000381469727,13.600000381469727,30100.0,8.56061840057373
2003-06-25,14.069999694824219,13.649999618530273,13.800000190734863,13.649999618530273,22900.0,8.592093467712402
2003-06-26,13.699999809265137,13.199999809265137,13.399999618530273,13.6899995803833,235900.0,8.617269515991211
2003-06-27,14.210000038146973,13.890000343322754,14.0,14.130000114440918,48600.0,8.894230842590332
2003-06-30,14.319999694824219,13.800000190734863,14.289999961853027,13.979999542236328,60900.0,8.799812316894531
2003-07-01,14.050000190734863,13.5,13.880000114440918,14.050000190734863,32100.0,8.843875885009766
2003-07-02,14.25,13.800000190734863,14.079999923706055,14.149999618530273,31900.0,8.906822204589844
2003-07-03,14.350000381469727,14.0,14.25,14.0,29400.0,8.812405586242676
2003-07-07,14.779999732971191,14.039999961853027,14.039999961853027,14.609999656677246,58900.0,9.19637393951416
2003-07-08,15.09000015258789,14.520000457763672,15.0,14.890000343322754,87000.0,9.372618675231934
2003-07-09,15.069999694824219,14.770000457763672,14.90999984741211,15.039999961853027,47000.0,9.467037200927734
2003-07-10,14.779999732971191,14.25,14.449999809265137,14.520000457763672,65100.0,9.139720916748047
2003-07-11,15.039999961853027,14.5,14.520000457763672,15.039999961853027,72300.0,9.467037200927734
2003-07-14,15.649999618530273,15.149999618530273,15.180000305175781,15.359999656677246,272300.0,9.668463706970215
2003-07-15,15.390000343322754,14.829999923706055,15.390000343322754,15.029999732971191,15500.0,9.460741996765137
2003-07-16,15.199999809265137,14.75,15.130000114440918,14.9399995803833,32600.0,9.404095649719238
2003-07-17,14.479999542236328,14.010000228881836,14.100000381469727,14.180000305175781,60000.0,8.92570686340332
2003-07-18,14.630000114440918,14.149999618530273,14.149999618530273,14.569999694824219,70200.0,9.171195030212402
2003-07-21,14.319999694824219,13.9399995803833,14.180000305175781,14.09000015258789,28700.0,8.869051933288574
2003-07-22,14.289999961853027,13.920000076293945,14.15999984741211,13.989999771118164,21000.0,8.806109428405762
2003-07-23,14.470000267028809,14.0600004196167,14.350000381469727,14.130000114440918,20100.0,8.894230842590332
2003-07-24,14.739999771118164,14.399999618530273,14.5,14.399999618530273,52100.0,9.06418514251709
2003-07-25,14.729999542236328,14.390000343322754,14.510000228881836,14.670000076293945,12700.0,9.234142303466797
2003-07-28,15.5,15.050000190734863,15.109999656677246,15.449999809265137,46500.0,9.725118637084961
2003-07-29,15.520000457763672,14.5,15.479999542236328,14.84000015258789,97000.0,9.34114933013916
2003-07-30,14.75,14.5,14.600000381469727,14.600000381469727,135700.0,9.190078735351562
2003-07-31,15.479999542236328,15.050000190734863,15.350000381469727,15.399999618530273,91100.0,9.693642616271973
2003-08-01,15.600000381469727,15.3100004196167,15.470000267028809,15.350000381469727,79000.0,9.66217041015625
2003-08-04,15.949999809265137,15.25,15.800000190734863,15.739999771118164,51000.0,9.907659530639648
2003-08-05,15.770000457763672,15.270000457763672,15.770000457763672,15.550000190734863,38800.0,9.78806209564209
2003-08-06,15.420000076293945,15.029999732971191,15.420000076293945,15.180000305175781,266500.0,9.555161476135254
2003-08-07,15.25,14.779999732971191,14.899999618530273,15.25,17800.0,9.599225044250488
2003-08-08,15.550000190734863,15.149999618530273,15.319999694824219,15.550000190734863,19900.0,9.78806209564209
2003-08-11,15.670000076293945,15.399999618530273,15.399999618530273,15.579999923706055,104300.0,9.806946754455566
2003-08-12,16.329999923706055,15.619999885559082,15.619999885559082,16.100000381469727,21000.0,10.134265899658203
2003-08-13,16.020000457763672,15.699999809265137,15.800000190734863,15.850000381469727,30000.0,10.077676773071289
2003-08-14,16.299999237060547,15.850000381469727,16.0,16.100000381469727,14700.0,10.2366304397583
2003-08-15,16.270000457763672,16.06999969482422,16.170000076293945,16.239999771118164,7400.0,10.325648307800293
2003-08-18,16.350000381469727,16.06999969482422,16.229999542236328,16.34000015258789,37000.0,10.389229774475098
2003-08-19,16.170000076293945,15.890000343322754,16.09000015258789,15.989999771118164,31700.0,10.166690826416016
2003-08-20,16.25,15.899999618530273,15.960000038146973,16.0,38300.0,10.173049926757812
2003-08-21,16.209999084472656,16.020000457763672,16.020000457763672,16.209999084472656,16000.0,10.306570053100586
2003-08-22,16.5,15.949999809265137,16.40999984741211,16.049999237060547,22700.0,10.204838752746582
2003-08-25,16.020000457763672,15.6899995803833,16.020000457763672,15.850000381469727,26700.0,10.077676773071289
2003-08-26,15.930000305175781,15.399999618530273,15.699999809265137,15.90999984741211,61000.0,10.115824699401855
2003-08-27,15.890000343322754,15.479999542236328,15.619999885559082,15.720000267028809,48100.0,9.995019912719727
2003-08-28,16.229999542236328,15.680000305175781,15.819999694824219,16.200000762939453,18700.0,10.300213813781738
2003-08-29,16.139999389648438,15.699999809265137,15.989999771118164,16.040000915527344,39300.0,10.198481559753418
2003-09-02,17.170000076293945,16.5,16.510000228881836,17.15999984741211,65100.0,10.91059398651123
2003-09-03,17.950000762939453,17.450000762939453,17.770000457763672,17.610000610351562,172600.0,11.196712493896484
2003-09-04,17.520000457763672,17.219999313354492,17.399999618530273,17.260000228881836,114800.0,10.974176406860352
2003-09-05,16.719999313354492,16.260000228881836,16.670000076293945,16.3700008392334,254500.0,10.40830135345459
2003-09-08,17.209999084472656,16.81999969482422,16.81999969482422,17.0,41200.0,10.808863639831543
2003-09-09,16.950000762939453,16.489999771118164,16.770000457763672,16.5,63100.0,10.490957260131836
2003-09-10,16.219999313354492,15.649999618530273,16.209999084472656,15.699999809265137,132000.0,9.982303619384766
2003-09-11,16.219999313354492,16.0,16.139999389648438,16.200000762939453,247800.0,10.300213813781738
2003-09-12,16.899999618530273,16.5,16.6299991607666,16.84000015258789,87100.0,10.707135200500488
2003-09-15,17.100000381469727,16.84000015258789,16.8799991607666,16.889999389648438,61700.0,10.738923072814941
2003-09-16,17.110000610351562,16.760000228881836,17.049999237060547,17.100000381469727,57500.0,10.872443199157715
2003-09-17,17.450000762939453,16.920000076293945,17.239999771118164,17.1200008392334,63900.0,10.885160446166992
2003-09-18,18.1299991607666,17.709999084472656,17.709999084472656,17.959999084472656,114600.0,11.419249534606934
2003-09-19,18.15999984741211,17.829999923706055,18.149999618530273,18.040000915527344,27400.0,11.470113754272461
2003-09-22,17.350000381469727,16.90999984741211,17.040000915527344,17.1200008392334,73700.0,10.885160446166992
2003-09-23,16.979999542236328,16.709999084472656,16.899999618530273,16.969999313354492,79500.0,10.789786338806152
2003-09-24,16.940000534057617,16.350000381469727,16.940000534057617,16.420000076293945,41800.0,10.440088272094727
2003-09-25,16.520000457763672,15.970000267028809,16.18000030517578,16.329999923706055,53300.0,10.382867813110352
2003-09-26,16.040000915527344,15.800000190734863,15.970000267028809,15.819999694824219,60100.0,10.058603286743164
2003-09-29,16.100000381469727,15.829999923706055,15.899999618530273,16.049999237060547,26400.0,10.204838752746582
2003-09-30,15.890000343322754,15.100000381469727,15.890000343322754,15.1899995803833,104500.0,9.658034324645996
2003-10-01,16.010000228881836,15.100000381469727,15.210000038146973,16.0,116700.0,10.173049926757812
2003-10-02,16.209999084472656,15.90999984741211,16.0,16.0,120600.0,10.173049926757812
2003-10-03,16.84000015258789,16.40999984741211,16.719999313354492,16.610000610351562,103000.0,10.560894966125488
2003-10-06,16.709999084472656,16.299999237060547,16.5,16.700000762939453,49300.0,10.618117332458496
2003-10-07,16.850000381469727,16.270000457763672,16.329999923706055,16.700000762939453,26900.0,10.618117332458496
2003-10-08,16.850000381469727,16.350000381469727,16.690000534057617,16.649999618530273,44800.0,10.586328506469727
2003-10-09,16.920000076293945,16.670000076293945,16.920000076293945,16.8700008392334,32600.0,10.726207733154297
2003-10-10,17.020000457763672,16.729999542236328,16.950000762939453,16.799999237060547,99800.0,10.6816987991333
2003-10-13,17.399999618530273,17.020000457763672,17.020000457763672,17.299999237060547,23000.0,10.999608039855957
2003-10-14,17.600000381469727,16.940000534057617,17.1299991607666,17.360000610351562,26900.0,11.037755012512207
2003-10-15,17.93000030517578,17.420000076293945,17.469999313354492,17.639999389648438,68100.0,11.215784072875977
2003-10-16,17.389999389648438,16.979999542236328,17.110000610351562,17.06999969482422,26600.0,10.853371620178223
2003-10-17,17.079999923706055,16.68000030517578,17.06999969482422,16.799999237060547,91700.0,10.6816987991333
2003-10-20,17.389999389648438,17.049999237060547,17.049999237060547,17.299999237060547,124800.0,10.999608039855957
2003-10-21,17.459999084472656,17.09000015258789,17.270000457763672,17.200000762939453,38100.0,10.936028480529785
2003-10-22,16.850000381469727,16.399999618530273,16.540000915527344,16.459999084472656,35400.0,10.465522766113281
2003-10-23,15.869999885559082,15.430000305175781,15.619999885559082,15.720000267028809,103300.0,9.995019912719727
2003-10-24,15.770000457763672,15.4399995803833,15.670000076293945,15.600000381469727,216400.0,9.918723106384277
2003-10-27,15.619999885559082,15.09000015258789,15.579999923706055,15.25,223000.0,9.696186065673828
2003-10-28,15.90999984741211,15.460000038146973,15.460000038146973,15.880000114440918,69800.0,10.096750259399414
2003-10-29,16.030000686645508,15.789999961853027,15.979999542236328,15.920000076293945,69300.0,10.12218189239502
2003-10-30,16.43000030517578,16.0,16.43000030517578,16.049999237060547,66100.0,10.204838752746582
2003-10-31,15.930000305175781,15.529999732971191,15.850000381469727,15.75,162100.0,10.014094352722168
2003-11-03,16.059999465942383,15.449999809265137,16.0,15.800000190734863,85800.0,10.04588794708252
2003-11-04,15.350000381469727,14.869999885559082,15.350000381469727,15.0,153500.0,9.537230491638184
2003-11-05,14.069999694824219,13.470000267028809,14.050000190734863,13.979999542236328,500800.0,8.88869857788086
2003-11-06,14.300000190734863,13.760000228881836,14.210000038146973,14.100000381469727,165400.0,8.965002059936523
2003-11-07,14.390000343322754,13.819999694824219,14.300000190734863,14.0,95500.0,8.901419639587402
2003-11-10,13.859999656677246,13.470000267028809,13.470000267028809,13.640000343322754,178900.0,8.672526359558105
2003-11-11,13.979999542236328,13.670000076293945,13.670000076293945,13.920000076293945,126500.0,8.850552558898926
2003-11-12,14.270000457763672,13.899999618530273,13.899999618530273,14.210000038146973,160400.0,9.034934997558594
2003-11-13,14.75,14.039999961853027,14.039999961853027,14.350000381469727,94500.0,9.123950958251953
2003-11-14,14.329999923706055,14.069999694824219,14.25,14.199999809265137,85700.0,9.028579711914062
2003-11-17,13.890000343322754,13.510000228881836,13.720000267028809,13.819999694824219,137000.0,8.786971092224121
2003-11-18,13.880000114440918,13.449999809265137,13.880000114440918,13.460000038146973,54300.0,8.558079719543457
2003-11-19,13.869999885559082,13.5600004196167,13.6899995803833,13.710000038146973,110000.0,8.717028617858887
2003-11-20,13.600000381469727,13.350000381469727,13.520000457763672,13.399999618530273,124300.0,8.519928932189941
2003-11-21,13.569999694824219,13.319999694824219,13.40999984741211,13.390000343322754,174000.0,8.513570785522461
2003-11-24,13.579999923706055,13.199999809265137,13.329999923706055,13.5,285400.0,8.58350944519043
2003-11-25,14.569999694824219,14.079999923706055,14.149999618530273,14.300000190734863,243000.0,9.09216022491455
2003-11-26,14.430000305175781,14.220000267028809,14.300000190734863,14.319999694824219,145400.0,9.104876518249512
2003-11-28,14.350000381469727,14.15999984741211,14.199999809265137,14.239999771118164,14600.0,9.054015159606934
2003-12-01,14.699999809265137,14.210000038146973,14.210000038146973,14.399999618530273,82100.0,9.155742645263672
2003-12-02,14.149999618530273,13.399999618530273,14.149999618530273,13.779999732971191,219800.0,8.7615385055542
2003-12-03,13.739999771118164,13.399999618530273,13.600000381469727,13.539999961853027,179000.0,8.608943939208984
2003-12-04,13.600000381469727,13.25,13.569999694824219,13.520000457763672,91300.0,8.596224784851074
2003-12-05,13.710000038146973,13.199999809265137,13.489999771118164,13.569999694824219,106000.0,8.628019332885742
2003-12-08,13.079999923706055,12.800000190734863,13.029999732971191,13.0600004196167,121000.0,8.303753852844238
2003-12-09,12.859999656677246,12.40999984741211,12.859999656677246,12.460000038146973,151400.0,7.922260284423828
2003-12-10,12.920000076293945,12.390000343322754,12.390000343322754,12.699999809265137,129900.0,8.074856758117676
2003-12-11,13.300000190734863,12.920000076293945,12.979999542236328,13.09000015258789,86800.0,8.32282829284668
2003-12-12,13.050000190734863,12.880000114440918,13.020000457763672,13.010000228881836,179000.0,8.271958351135254
2003-12-15,13.300000190734863,13.029999732971191,13.300000190734863,13.0600004196167,91800.0,8.303753852844238
2003-12-16,13.449999809265137,13.100000381469727,13.25,13.289999961853027,474000.0,8.449991226196289
2003-12-17,13.479999542236328,13.270000457763672,13.270000457763672,13.420000076293945,221000.0,8.532645225524902
2003-12-18,14.109999656677246,13.65999984741211,13.699999809265137,14.029999732971191,97600.0,8.920492172241211
2003-12-19,14.100000381469727,13.920000076293945,14.029999732971191,14.079999923706055,79600.0,8.952282905578613
2003-12-22,14.380000114440918,14.0,14.34000015258789,14.329999923706055,138100.0,9.111237525939941
2003-12-23,14.390000343322754,14.199999809265137,14.289999961853027,14.279999732971191,77400.0,9.079446792602539
2003-12-24,14.680000305175781,14.100000381469727,14.180000305175781,14.510000228881836,46500.0,9.22568416595459
2003-12-26,14.479999542236328,14.140000343322754,14.40999984741211,14.329999923706055,23400.0,9.111237525939941
2003-12-29,14.75,14.380000114440918,14.5,14.75,129300.0,9.378277778625488
2003-12-30,14.739999771118164,14.4399995803833,14.699999809265137,14.470000267028809,84300.0,9.200252532958984
2003-12-31,14.880000114440918,14.569999694824219,14.569999694824219,14.739999771118164,64900.0,9.37192440032959
2004-01-02,15.149999618530273,14.760000228881836,14.84000015258789,14.800000190734863,111300.0,9.410069465637207
2004-01-05,15.279999732971191,14.869999885559082,14.880000114440918,15.260000228881836,159100.0,9.702542304992676
2004-01-06,15.34000015258789,15.079999923706055,15.270000457763672,15.3100004196167,109800.0,9.734333992004395
2004-01-07,15.319999694824219,15.09000015258789,15.149999618530273,15.260000228881836,320000.0,9.702542304992676
2004-01-08,16.280000686645508,16.049999237060547,16.200000762939453,16.200000762939453,128400.0,10.300213813781738
2004-01-09,16.440000534057617,15.960000038146973,16.0,15.960000038146973,144100.0,10.147616386413574
2004-01-12,16.420000076293945,16.09000015258789,16.25,16.219999313354492,65400.0,10.312926292419434
2004-01-13,16.639999389648438,16.040000915527344,16.549999237060547,16.219999313354492,76300.0,10.312926292419434
2004-01-14,16.709999084472656,16.299999237060547,16.399999618530273,16.610000610351562,26900.0,10.560894966125488
2004-01-15,16.969999313354492,16.690000534057617,16.8799991607666,16.739999771118164,126900.0,10.643549919128418
2004-01-16,16.350000381469727,16.079999923706055,16.350000381469727,16.229999542236328,81500.0,10.319284439086914
2004-01-20,16.43000030517578,16.1299991607666,16.290000915527344,16.43000030517578,85600.0,10.446449279785156
2004-01-21,16.649999618530273,16.079999923706055,16.229999542236328,16.59000015258789,125500.0,10.548177719116211
2004-01-22,16.290000915527344,15.920000076293945,16.06999969482422,16.229999542236328,140800.0,10.319284439086914
2004-01-23,16.0,15.6899995803833,16.0,15.819999694824219,121200.0,10.058603286743164
2004-01-26,15.75,15.380000114440918,15.6899995803833,15.75,67700.0,10.014094352722168
2004-01-27,16.1200008392334,15.819999694824219,15.84000015258789,15.989999771118164,216300.0,10.166690826416016
2004-01-28,15.9399995803833,15.449999809265137,15.859999656677246,15.5,147700.0,9.855141639709473
2004-01-29,15.550000190734863,15.1899995803833,15.5,15.390000343322754,100400.0,9.785202980041504
2004-01-30,15.079999923706055,14.819999694824219,14.979999542236328,14.960000038146973,162600.0,9.511798858642578
2004-02-02,15.25,14.850000381469727,15.039999961853027,15.109999656677246,137100.0,9.607170104980469
2004-02-03,15.649999618530273,15.350000381469727,15.5,15.539999961853027,96800.0,9.880571365356445
2004-02-04,15.460000038146973,15.140000343322754,15.25,15.270000457763672,72400.0,9.708904266357422
2004-02-05,15.550000190734863,15.050000190734863,15.199999809265137,15.170000076293945,104100.0,9.645323753356934
2004-02-06,15.59000015258789,15.289999961853027,15.289999961853027,15.59000015258789,131400.0,9.912365913391113
2004-02-09,15.979999542236328,15.760000228881836,15.760000228881836,15.800000190734863,107600.0,10.04588794708252
2004-02-10,15.850000381469727,15.550000190734863,15.739999771118164,15.699999809265137,101300.0,9.982303619384766
2004-02-11,15.979999542236328,15.359999656677246,15.4399995803833,15.970000267028809,74300.0,10.153975486755371
2004-02-12,15.550000190734863,15.289999961853027,15.359999656677246,15.420000076293945,149300.0,9.804274559020996
2004-02-13,15.770000457763672,15.34000015258789,15.729999542236328,15.739999771118164,53700.0,10.007736206054688
2004-02-17,16.200000762939453,15.84000015258789,15.869999885559082,16.200000762939453,189900.0,10.300213813781738
2004-02-18,16.329999923706055,16.06999969482422,16.299999237060547,16.09000015258789,63700.0,10.230274200439453
2004-02-19,16.829999923706055,16.639999389648438,16.700000762939453,16.68000030517578,140200.0,10.605403900146484
2004-02-20,16.889999389648438,16.139999389648438,16.889999389648438,16.389999389648438,106300.0,10.421014785766602
2004-02-23,16.489999771118164,16.15999984741211,16.440000534057617,16.350000381469727,56200.0,10.395584106445312
2004-02-24,16.200000762939453,15.970000267028809,16.0,16.020000457763672,46700.0,10.185766220092773
2004-02-25,16.25,16.010000228881836,16.010000228881836,16.200000762939453,25400.0,10.300213813781738
2004-02-26,16.219999313354492,15.930000305175781,16.149999618530273,16.190000534057617,25500.0,10.293854713439941
2004-02-27,16.270000457763672,15.890000343322754,16.149999618530273,16.209999084472656,62800.0,10.306570053100586
2004-03-01,16.440000534057617,16.1299991607666,16.290000915527344,16.440000534057617,142000.0,10.452807426452637
2004-03-02,16.190000534057617,16.049999237060547,16.1299991607666,16.1299991607666,39000.0,10.255703926086426
2004-03-03,16.510000228881836,16.049999237060547,16.049999237060547,16.510000228881836,56200.0,10.497316360473633
2004-03-04,16.719999313354492,16.239999771118164,16.280000686645508,16.579999923706055,99500.0,10.54181957244873
2004-03-05,17.329999923706055,16.709999084472656,16.709999084472656,17.280000686645508,97100.0,10.986891746520996
2004-03-08,17.170000076293945,16.90999984741211,17.15999984741211,16.920000076293945,74200.0,10.757997512817383
2004-03-09,16.989999771118164,16.520000457763672,16.850000381469727,16.709999084472656,35200.0,10.624475479125977
2004-03-10,16.260000228881836,15.899999618530273,16.170000076293945,15.949999809265137,62600.0,10.141254425048828
2004-03-11,15.489999771118164,15.010000228881836,15.25,15.0600004196167,170200.0,9.5753812789917
2004-03-12,15.609999656677246,15.3100004196167,15.520000457763672,15.5,54500.0,9.855141639709473
2004-03-15,15.300000190734863,14.9399995803833,15.260000228881836,15.050000190734863,78100.0,9.569024085998535
2004-03-16,15.09000015258789,14.869999885559082,15.010000228881836,15.09000015258789,259400.0,9.594452857971191
2004-03-17,15.680000305175781,15.25,15.40999984741211,15.670000076293945,67000.0,9.963231086730957
2004-03-18,15.40999984741211,15.050000190734863,15.40999984741211,15.260000228881836,28600.0,9.702542304992676
2004-03-19,15.539999961853027,15.289999961853027,15.460000038146973,15.449999809265137,65100.0,9.823351860046387
2004-03-22,14.899999618530273,14.710000038146973,14.800000190734863,14.84000015258789,77200.0,9.435506820678711
2004-03-23,15.130000114440918,14.880000114440918,15.09000015258789,14.989999771118164,32100.0,9.530871391296387
2004-03-24,15.130000114440918,14.720000267028809,14.819999694824219,14.890000343322754,43500.0,9.467293739318848
2004-03-25,15.529999732971191,15.130000114440918,15.25,15.479999542236328,64900.0,9.842424392700195
2004-03-26,15.239999771118164,14.899999618530273,15.0600004196167,15.100000381469727,51400.0,9.600814819335938
2004-03-29,15.470000267028809,15.050000190734863,15.109999656677246,15.270000457763672,73500.0,9.708904266357422
2004-03-30,15.350000381469727,15.09000015258789,15.130000114440918,15.300000190734863,55600.0,9.727978706359863
2004-03-31,15.149999618530273,14.9399995803833,15.039999961853027,15.130000114440918,41100.0,9.768328666687012
2004-04-01,15.680000305175781,15.180000305175781,15.180000305175781,15.569999694824219,125600.0,10.052404403686523
2004-04-02,15.899999618530273,15.59000015258789,15.670000076293945,15.84000015258789,38000.0,10.226727485656738
2004-04-05,15.760000228881836,15.40999984741211,15.529999732971191,15.5600004196167,29000.0,10.045949935913086
2004-04-06,15.84000015258789,15.529999732971191,15.529999732971191,15.789999961853027,23200.0,10.19444465637207
2004-04-07,15.75,15.460000038146973,15.680000305175781,15.630000114440918,69300.0,10.091143608093262
2004-04-08,15.899999618530273,15.649999618530273,15.829999923706055,15.699999809265137,37300.0,10.136335372924805
2004-04-12,15.850000381469727,15.600000381469727,15.600000381469727,15.760000228881836,28800.0,10.175074577331543
2004-04-13,15.899999618530273,15.470000267028809,15.779999732971191,15.510000228881836,80200.0,10.013667106628418
2004-04-14,15.100000381469727,14.75,14.90999984741211,14.890000343322754,202600.0,9.613380432128906
2004-04-15,15.010000228881836,14.609999656677246,14.90999984741211,14.90999984741211,74200.0,9.62629222869873
2004-04-16,15.229999542236328,14.899999618530273,15.09000015258789,15.09000015258789,142100.0,9.742501258850098
2004-04-19,15.199999809265137,14.890000343322754,15.09000015258789,15.079999923706055,75400.0,9.736044883728027
2004-04-20,15.119999885559082,14.399999618530273,15.09000015258789,14.619999885559082,148300.0,9.43906021118164
2004-04-21,14.59000015258789,14.260000228881836,14.520000457763672,14.510000228881836,169700.0,9.36803913116455
2004-04-22,14.6899995803833,14.350000381469727,14.510000228881836,14.640000343322754,112500.0,9.451974868774414
2004-04-23,14.869999885559082,14.479999542236328,14.619999885559082,14.869999885559082,468300.0,9.600469589233398
2004-04-26,14.890000343322754,14.260000228881836,14.859999656677246,14.600000381469727,164500.0,9.4261474609375
2004-04-27,14.199999809265137,13.75,13.880000114440918,14.029999732971191,318100.0,9.058140754699707
2004-04-28,13.699999809265137,13.420000076293945,13.619999885559082,13.569999694824219,250200.0,8.761155128479004
2004-04-29,13.789999961853027,13.380000114440918,13.569999694824219,13.5600004196167,114900.0,8.7546968460083
2004-04-30,13.539999961853027,13.300000190734863,13.520000457763672,13.380000114440918,62000.0,8.638479232788086
2004-05-03,13.649999618530273,13.199999809265137,13.380000114440918,13.460000038146973,49500.0,8.690134048461914
2004-05-04,13.569999694824219,13.420000076293945,13.420000076293945,13.5,139700.0,8.715957641601562
2004-05-05,13.6899995803833,13.489999771118164,13.550000190734863,13.569999694824219,37300.0,8.761155128479004
2004-05-06,13.40999984741211,13.119999885559082,13.390000343322754,13.270000457763672,53400.0,8.567461013793945
2004-05-07,13.390000343322754,13.0600004196167,13.199999809265137,13.210000038146973,105100.0,8.528725624084473
2004-05-10,12.789999961853027,12.489999771118164,12.699999809265137,12.680000305175781,274700.0,8.186543464660645
2004-05-11,12.6899995803833,12.489999771118164,12.5,12.579999923706055,83800.0,8.121980667114258
2004-05-12,12.600000381469727,12.279999732971191,12.449999809265137,12.550000190734863,53000.0,8.102614402770996
2004-05-13,12.619999885559082,12.34000015258789,12.479999542236328,12.479999542236328,64600.0,8.057417869567871
2004-05-14,12.40999984741211,12.199999809265137,12.380000114440918,12.380000114440918,39300.0,7.992862224578857
2004-05-17,12.25,12.050000190734863,12.079999923706055,12.199999809265137,39400.0,7.876640796661377
2004-05-18,12.579999923706055,12.359999656677246,12.369999885559082,12.4399995803833,38300.0,8.031594276428223
2004-05-19,13.210000038146973,12.800000190734863,12.899999618530273,12.880000114440918,42000.0,8.315668106079102
2004-05-20,12.899999618530273,12.600000381469727,12.720000267028809,12.760000228881836,45300.0,8.238194465637207
2004-05-21,12.949999809265137,12.65999984741211,12.8100004196167,12.869999885559082,40900.0,8.309213638305664
2004-05-24,13.199999809265137,12.960000038146973,12.970000267028809,13.020000457763672,38800.0,8.406057357788086
2004-05-25,13.449999809265137,13.020000457763672,13.020000457763672,13.399999618530273,51600.0,8.651395797729492
2004-05-26,13.470000267028809,13.220000267028809,13.270000457763672,13.329999923706055,25300.0,8.606201171875
2004-05-27,13.579999923706055,13.399999618530273,13.420000076293945,13.449999809265137,34500.0,8.683674812316895
2004-05-28,13.670000076293945,13.4399995803833,13.630000114440918,13.569999694824219,38000.0,8.761155128479004
2004-06-01,13.600000381469727,13.350000381469727,13.5,13.5,47800.0,8.715957641601562
2004-06-02,13.729999542236328,13.550000190734863,13.600000381469727,13.65999984741211,51700.0,8.819258689880371
2004-06-03,13.600000381469727,13.449999809265137,13.470000267028809,13.600000381469727,47000.0,8.780519485473633
2004-06-04,13.739999771118164,13.520000457763672,13.640000343322754,13.630000114440918,39600.0,8.799890518188477
2004-06-07,14.069999694824219,13.859999656677246,13.869999885559082,14.039999961853027,66000.0,9.064598083496094
2004-06-08,14.050000190734863,13.819999694824219,13.84000015258789,13.90999984741211,87400.0,8.980663299560547
2004-06-09,13.9399995803833,13.619999885559082,13.9399995803833,13.699999809265137,102900.0,8.845083236694336
2004-06-10,13.8100004196167,13.600000381469727,13.649999618530273,13.6899995803833,46700.0,8.838628768920898
2004-06-14,13.470000267028809,13.1899995803833,13.3100004196167,13.1899995803833,52100.0,8.515815734863281
2004-06-15,13.729999542236328,13.4399995803833,13.5,13.579999923706055,30000.0,8.767609596252441
2004-06-16,13.829999923706055,13.5600004196167,13.760000228881836,13.739999771118164,142100.0,8.870909690856934
2004-06-17,13.760000228881836,13.569999694824219,13.680000305175781,13.739999771118164,68800.0,8.870909690856934
2004-06-18,14.079999923706055,13.640000343322754,13.75,13.84000015258789,43200.0,8.935474395751953
2004-06-21,13.949999809265137,13.680000305175781,13.850000381469727,13.720000267028809,50100.0,8.857996940612793
2004-06-22,13.880000114440918,13.600000381469727,13.739999771118164,13.710000038146973,35700.0,8.851539611816406
2004-06-23,13.699999809265137,13.399999618530273,13.520000457763672,13.619999885559082,43300.0,8.793434143066406
2004-06-24,13.75,13.479999542236328,13.569999694824219,13.5600004196167,48000.0,8.7546968460083
2004-06-25,13.84000015258789,13.630000114440918,13.649999618530273,13.800000190734863,35200.0,8.909646034240723
2004-06-28,14.109999656677246,13.8100004196167,13.930000305175781,13.84000015258789,92400.0,8.935474395751953
2004-06-29,13.770000457763672,13.579999923706055,13.65999984741211,13.670000076293945,28800.0,8.825715065002441
2004-06-30,13.90999984741211,13.720000267028809,13.800000190734863,13.899999618530273,110100.0,8.974209785461426
2004-07-01,13.90999984741211,13.680000305175781,13.90999984741211,13.770000457763672,16400.0,8.890278816223145
2004-07-02,13.720000267028809,13.489999771118164,13.670000076293945,13.680000305175781,40700.0,8.832174301147461
2004-07-06,13.149999618530273,13.010000228881836,13.119999885559082,13.069999694824219,62300.0,8.438336372375488
2004-07-07,13.170000076293945,12.9399995803833,13.039999961853027,12.970000267028809,46000.0,8.373775482177734
2004-07-08,12.779999732971191,12.59000015258789,12.729999542236328,12.600000381469727,51500.0,8.134894371032715
2004-07-09,12.720000267028809,12.510000228881836,12.520000457763672,12.680000305175781,121100.0,8.186543464660645
2004-07-12,12.649999618530273,12.449999809265137,12.5600004196167,12.59000015258789,18900.0,8.128437042236328
2004-07-13,12.670000076293945,12.510000228881836,12.539999961853027,12.640000343322754,16300.0,8.16071891784668
2004-07-14,12.399999618530273,12.220000267028809,12.25,12.25,25800.0,7.9089250564575195
2004-07-15,12.359999656677246,12.180000305175781,12.300000190734863,12.220000267028809,37700.0,7.889556407928467
2004-07-16,12.420000076293945,12.180000305175781,12.270000457763672,12.1899995803833,31900.0,7.870185375213623
2004-07-19,12.270000457763672,12.050000190734863,12.1899995803833,12.1899995803833,31600.0,7.870185375213623
2004-07-20,12.420000076293945,11.890000343322754,11.979999542236328,12.279999732971191,121800.0,7.928291320800781
2004-07-21,12.460000038146973,12.15999984741211,12.300000190734863,12.25,23100.0,7.9089250564575195
2004-07-22,12.079999923706055,11.770000457763672,11.819999694824219,11.960000038146973,60300.0,7.721695423126221
2004-07-23,11.890000343322754,11.65999984741211,11.779999732971191,11.75,88600.0,7.586111545562744
2004-07-26,11.649999618530273,11.399999618530273,11.609999656677246,11.510000228881836,51500.0,7.431159496307373
2004-07-27,11.40999984741211,11.079999923706055,11.279999732971191,11.319999694824219,92100.0,7.308492660522461
2004-07-28,11.489999771118164,11.15999984741211,11.319999694824219,11.460000038146973,36800.0,7.398880481719971
2004-07-29,10.680000305175781,10.020000457763672,10.029999732971191,10.619999885559082,208700.0,6.85655403137207
2004-07-30,10.579999923706055,10.350000381469727,10.470000267028809,10.529999732971191,107400.0,6.798447132110596
2004-08-02,10.649999618530273,10.220000267028809,10.300000190734863,10.510000228881836,53300.0,6.785533905029297
2004-08-03,10.489999771118164,10.180000305175781,10.25,10.289999961853027,181700.0,6.643496990203857
2004-08-04,10.260000228881836,10.0,10.050000190734863,10.260000228881836,177600.0,6.6241278648376465
2004-08-05,10.09000015258789,9.880000114440918,10.0,9.970000267028809,172800.0,6.436895847320557
2004-08-06,10.079999923706055,9.800000190734863,9.869999885559082,9.899999618530273,142200.0,6.391702175140381
2004-08-09,9.949999809265137,9.619999885559082,9.720000267028809,9.8100004196167,161100.0,6.33359432220459
2004-08-10,10.039999961853027,9.75,9.789999961853027,10.0,134100.0,6.456265449523926
2004-08-11,10.029999732971191,9.65999984741211,9.890000343322754,9.979999542236328,122800.0,6.443351745605469
2004-08-12,9.84000015258789,9.720000267028809,9.829999923706055,9.829999923706055,287600.0,6.3465094566345215
2004-08-13,9.880000114440918,9.720000267028809,9.779999732971191,9.829999923706055,77600.0,6.3465094566345215
2004-08-16,10.039999961853027,9.789999961853027,9.789999961853027,10.029999732971191,109500.0,6.4756340980529785
2004-08-17,10.149999618530273,9.899999618530273,10.0600004196167,9.930000305175781,119400.0,6.411069869995117
2004-08-18,10.09000015258789,9.800000190734863,9.850000381469727,10.069999694824219,101800.0,6.501458168029785
2004-08-19,10.210000038146973,10.0,10.140000343322754,10.130000114440918,43400.0,6.540196895599365
2004-08-20,10.09000015258789,9.90999984741211,9.960000038146973,10.09000015258789,276600.0,6.514371871948242
2004-08-23,10.239999771118164,10.100000381469727,10.229999542236328,10.180000305175781,158400.0,6.572478294372559
2004-08-24,10.239999771118164,10.029999732971191,10.229999542236328,10.210000038146973,87000.0,6.591847896575928
2004-08-25,10.289999961853027,10.050000190734863,10.109999656677246,10.239999771118164,120300.0,6.6112165451049805
2004-08-26,10.5,10.109999656677246,10.15999984741211,10.369999885559082,116500.0,6.695148468017578
2004-08-27,10.6899995803833,10.529999732971191,10.539999961853027,10.680000305175781,315200.0,6.895290851593018
2004-08-30,10.720000267028809,10.529999732971191,10.720000267028809,10.609999656677246,207200.0,6.850095748901367
2004-08-31,10.829999923706055,10.489999771118164,10.5600004196167,10.59000015258789,162500.0,6.837185859680176
2004-09-01,10.899999618530273,10.720000267028809,10.789999961853027,10.720000267028809,76100.0,6.921118259429932
2004-09-02,11.180000305175781,10.899999618530273,10.970000267028809,11.149999618530273,115900.0,7.198736667633057
2004-09-03,11.199999809265137,11.029999732971191,11.0600004196167,11.079999923706055,72900.0,7.153541564941406
2004-09-07,11.359999656677246,11.229999542236328,11.300000190734863,11.25,118500.0,7.26330041885376
2004-09-08,11.239999771118164,10.850000381469727,11.140000343322754,10.979999542236328,233100.0,7.088977813720703
2004-09-09,10.850000381469727,10.520000457763672,10.850000381469727,10.600000381469727,252100.0,6.84364128112793
2004-09-10,11.09000015258789,10.680000305175781,10.729999542236328,10.930000305175781,140900.0,7.056697368621826
2004-09-13,11.069999694824219,10.880000114440918,10.930000305175781,11.0,175000.0,7.10189151763916
2004-09-14,10.989999771118164,10.869999885559082,10.930000305175781,10.90999984741211,59800.0,7.043786525726318
2004-09-15,11.149999618530273,11.010000228881836,11.020000457763672,11.119999885559082,84100.0,7.1793694496154785
2004-09-16,11.850000381469727,11.380000114440918,11.430000305175781,11.710000038146973,183100.0,7.5602850914001465
2004-09-17,11.720000267028809,11.5,11.710000038146973,11.600000381469727,78600.0,7.489267349243164
2004-09-20,11.619999885559082,11.420000076293945,11.59000015258789,11.420000076293945,61700.0,7.373054027557373
2004-09-21,11.6899995803833,11.4399995803833,11.520000457763672,11.640000343322754,56400.0,7.515092849731445
2004-09-22,11.319999694824219,11.170000076293945,11.319999694824219,11.1899995803833,50500.0,7.280667781829834
2004-09-23,11.050000190734863,10.90999984741211,10.970000267028809,10.989999771118164,79100.0,7.150539875030518
2004-09-24,11.1899995803833,11.010000228881836,11.039999961853027,11.010000228881836,36600.0,7.163550853729248
2004-09-27,11.0600004196167,10.90999984741211,11.039999961853027,10.920000076293945,82600.0,7.104996204376221
2004-09-28,11.199999809265137,10.90999984741211,10.989999771118164,11.170000076293945,322900.0,7.26765251159668
2004-09-29,11.069999694824219,10.930000305175781,11.0600004196167,11.020000457763672,601200.0,7.170062065124512
2004-09-30,11.020000457763672,10.920000076293945,11.0,10.970000267028809,499800.0,7.137527942657471
2004-10-01,11.289999961853027,11.069999694824219,11.079999923706055,11.239999771118164,61300.0,7.313199043273926
2004-10-04,11.5,11.319999694824219,11.350000381469727,11.420000076293945,83100.0,7.430315017700195
2004-10-05,11.369999885559082,11.229999542236328,11.329999923706055,11.260000228881836,61700.0,7.326210021972656
2004-10-06,11.5600004196167,11.399999618530273,11.399999618530273,11.5600004196167,70300.0,7.521404266357422
2004-10-07,11.59000015258789,11.40999984741211,11.550000190734863,11.479999542236328,75800.0,7.469348907470703
2004-10-08,11.65999984741211,11.390000343322754,11.5,11.430000305175781,95000.0,7.436822414398193
2004-10-11,11.539999961853027,11.4399995803833,11.479999542236328,11.470000267028809,37300.0,7.462845802307129
2004-10-12,11.15999984741211,10.979999542236328,11.149999618530273,11.149999618530273,57800.0,7.254642486572266
2004-10-13,11.199999809265137,10.9399995803833,11.140000343322754,11.0,162300.0,7.157043933868408
2004-10-14,10.930000305175781,10.779999732971191,10.930000305175781,10.829999923706055,50300.0,7.046435356140137
2004-10-15,11.239999771118164,10.890000343322754,10.930000305175781,11.0600004196167,78900.0,7.196081638336182
2004-10-18,10.970000267028809,10.819999694824219,10.890000343322754,10.9399995803833,75500.0,7.118006706237793
2004-10-19,11.0,10.75,10.989999771118164,10.800000190734863,94200.0,7.026917457580566
2004-10-20,10.829999923706055,10.579999923706055,10.680000305175781,10.720000267028809,86500.0,6.974868297576904
2004-10-21,10.880000114440918,10.6899995803833,10.850000381469727,10.829999923706055,66500.0,7.046435356140137
2004-10-22,10.550000190734863,10.25,10.550000190734863,10.319999694824219,126500.0,6.7146100997924805
2004-10-25,10.5,10.260000228881836,10.300000190734863,10.380000114440918,52200.0,6.7536468505859375
2004-10-26,10.34000015258789,10.109999656677246,10.25,10.300000190734863,60100.0,6.701595783233643
2004-10-27,10.520000457763672,10.09000015258789,10.180000305175781,10.390000343322754,101600.0,6.760153293609619
2004-10-28,11.149999618530273,10.8100004196167,10.880000114440918,10.9399995803833,121500.0,7.118006706237793
2004-10-29,10.970000267028809,10.869999885559082,10.9399995803833,10.9399995803833,42200.0,7.118006706237793
2004-11-01,11.199999809265137,11.020000457763672,11.119999885559082,11.100000381469727,71800.0,7.222108840942383
2004-11-02,11.460000038146973,11.220000267028809,11.300000190734863,11.329999923706055,135500.0,7.371755599975586
2004-11-03,11.739999771118164,11.479999542236328,11.550000190734863,11.529999732971191,93600.0,7.501882076263428
2004-11-04,11.65999984741211,11.260000228881836,11.350000381469727,11.619999885559082,133200.0,7.560441970825195
2004-11-05,11.75,11.470000267028809,11.539999961853027,11.710000038146973,211000.0,7.618999004364014
2004-11-08,11.739999771118164,11.5,11.609999656677246,11.65999984741211,461100.0,7.586465835571289
2004-11-09,11.670000076293945,11.529999732971191,11.630000114440918,11.649999618530273,52000.0,7.579962253570557
2004-11-10,11.630000114440918,11.3100004196167,11.550000190734863,11.5600004196167,69800.0,7.521404266357422
2004-11-11,11.920000076293945,11.510000228881836,11.569999694824219,11.800000190734863,144000.0,7.67755651473999
2004-11-12,12.479999542236328,12.069999694824219,12.199999809265137,12.3100004196167,272600.0,8.009383201599121
2004-11-15,12.229999542236328,11.949999809265137,12.229999542236328,12.130000114440918,64900.0,7.892269134521484
2004-11-16,12.119999885559082,11.960000038146973,12.119999885559082,12.020000457763672,51700.0,7.820699214935303
2004-11-17,12.270000457763672,12.020000457763672,12.020000457763672,12.25,53300.0,7.970345973968506
2004-11-18,12.279999732971191,12.0600004196167,12.25,12.149999618530273,100900.0,7.905280113220215
2004-11-19,12.6899995803833,12.369999885559082,12.59000015258789,12.449999809265137,138000.0,8.100473403930664
2004-11-22,12.600000381469727,12.279999732971191,12.380000114440918,12.520000457763672,80800.0,8.146018981933594
2004-11-23,12.8100004196167,12.520000457763672,12.600000381469727,12.609999656677246,99300.0,8.204577445983887
2004-11-24,12.680000305175781,12.489999771118164,12.5600004196167,12.619999885559082,54900.0,8.211082458496094
2004-11-26,12.489999771118164,12.300000190734863,12.34000015258789,12.470000267028809,21800.0,8.11348819732666
2004-11-29,12.800000190734863,12.399999618530273,12.5,12.630000114440918,98200.0,8.2175874710083
2004-11-30,12.520000457763672,12.319999694824219,12.40999984741211,12.420000076293945,162500.0,8.080952644348145
2004-12-01,12.680000305175781,12.399999618530273,12.420000076293945,12.680000305175781,87200.0,8.250121116638184
2004-12-02,12.65999984741211,12.489999771118164,12.630000114440918,12.609999656677246,56400.0,8.204577445983887
2004-12-03,12.760000228881836,12.609999656677246,12.710000038146973,12.6899995803833,66700.0,8.25662612915039
2004-12-06,12.710000038146973,12.520000457763672,12.619999885559082,12.630000114440918,96600.0,8.2175874710083
2004-12-07,12.670000076293945,12.5,12.649999618530273,12.5,74600.0,8.133003234863281
2004-12-08,12.579999923706055,12.380000114440918,12.449999809265137,12.5,66000.0,8.133003234863281
2004-12-09,12.289999961853027,12.050000190734863,12.289999961853027,12.220000267028809,96200.0,7.950828552246094
2004-12-10,11.970000267028809,11.760000228881836,11.819999694824219,11.890000343322754,189700.0,7.736116409301758
2004-12-13,12.1899995803833,11.979999542236328,11.989999771118164,12.149999618530273,87200.0,7.905280113220215
2004-12-14,12.130000114440918,11.920000076293945,12.050000190734863,12.079999923706055,50200.0,7.859739303588867
2004-12-15,12.25,12.100000381469727,12.149999618530273,12.180000305175781,61800.0,7.924803733825684
2004-12-16,12.15999984741211,11.960000038146973,12.149999618530273,12.010000228881836,60400.0,7.814192771911621
2004-12-17,11.960000038146973,11.770000457763672,11.960000038146973,11.859999656677246,48000.0,7.7165961265563965
2004-12-20,11.869999885559082,11.75,11.869999885559082,11.800000190734863,100400.0,7.67755651473999
2004-12-21,11.949999809265137,11.649999618530273,11.75,11.90999984741211,114400.0,7.749129295349121
2004-12-22,12.489999771118164,12.1899995803833,12.220000267028809,12.4399995803833,191800.0,8.093968391418457
2004-12-23,12.449999809265137,12.229999542236328,12.25,12.399999618530273,48400.0,8.06794261932373
2004-12-27,12.680000305175781,12.380000114440918,12.399999618530273,12.529999732971191,45000.0,8.1525239944458
2004-12-28,12.609999656677246,12.40999984741211,12.5,12.510000228881836,28400.0,8.13951301574707
2004-12-29,12.489999771118164,12.289999961853027,12.489999771118164,12.289999961853027,49100.0,7.996374130249023
2004-12-30,12.550000190734863,12.380000114440918,12.380000114440918,12.40999984741211,33300.0,8.074448585510254
2004-12-31,12.619999885559082,12.470000267028809,12.489999771118164,12.5600004196167,59700.0,8.172043800354004
2005-01-03,12.649999618530273,12.420000076293945,12.649999618530273,12.449999809265137,23700.0,8.100473403930664
2005-01-04,12.479999542236328,12.100000381469727,12.479999542236328,12.149999618530273,74900.0,7.905280113220215
2005-01-05,12.449999809265137,12.220000267028809,12.220000267028809,12.25,100600.0,7.970345973968506
2005-01-06,12.40999984741211,12.170000076293945,12.319999694824219,12.329999923706055,157300.0,8.022396087646484
2005-01-07,12.649999618530273,12.350000381469727,12.460000038146973,12.640000343322754,245900.0,8.224093437194824
2005-01-10,12.569999694824219,12.449999809265137,12.5,12.470000267028809,66600.0,8.11348819732666
2005-01-11,12.65999984741211,12.470000267028809,12.59000015258789,12.520000457763672,51600.0,8.146018981933594
2005-01-12,12.680000305175781,12.470000267028809,12.680000305175781,12.5600004196167,53700.0,8.172043800354004
2005-01-13,12.510000228881836,12.350000381469727,12.460000038146973,12.359999656677246,204100.0,8.041915893554688
2005-01-14,12.359999656677246,12.109999656677246,12.319999694824219,12.319999694824219,82400.0,8.015889167785645
2005-01-18,12.289999961853027,12.0600004196167,12.170000076293945,12.1899995803833,385000.0,7.931305885314941
2005-01-19,12.300000190734863,12.119999885559082,12.279999732971191,12.119999885559082,38700.0,7.8857645988464355
2005-01-20,12.09000015258789,11.890000343322754,12.020000457763672,11.949999809265137,32500.0,7.775153636932373
2005-01-21,11.84000015258789,11.65999984741211,11.84000015258789,11.729999542236328,110600.0,7.632013320922852
2005-01-24,11.920000076293945,11.699999809265137,11.789999961853027,11.859999656677246,55400.0,7.7165961265563965
2005-01-25,11.899999618530273,11.65999984741211,11.819999694824219,11.729999542236328,74000.0,7.632013320922852
2005-01-26,11.920000076293945,11.779999732971191,11.800000190734863,11.880000114440918,71800.0,7.729608535766602
2005-01-27,12.010000228881836,11.869999885559082,11.949999809265137,11.989999771118164,58300.0,7.801182270050049
2005-01-28,12.699999809265137,12.130000114440918,12.229999542236328,12.59000015258789,216400.0,8.191564559936523
2005-01-31,13.550000190734863,13.029999732971191,13.09000015258789,13.4399995803833,261900.0,8.744608879089355
2005-02-01,13.84000015258789,13.34000015258789,13.529999732971191,13.600000381469727,119300.0,8.84870719909668
2005-02-02,13.75,13.369999885559082,13.600000381469727,13.65999984741211,82900.0,8.887748718261719
2005-02-03,13.539999961853027,13.369999885559082,13.5,13.520000457763672,71300.0,8.796658515930176
2005-02-04,13.710000038146973,13.550000190734863,13.550000190734863,13.699999809265137,76200.0,8.913774490356445
2005-02-07,13.670000076293945,13.460000038146973,13.649999618530273,13.510000228881836,52100.0,8.790152549743652
2005-02-08,13.850000381469727,13.630000114440918,13.640000343322754,13.850000381469727,58400.0,9.011371612548828
2005-02-09,13.949999809265137,13.710000038146973,13.8100004196167,13.720000267028809,59200.0,8.926788330078125
2005-02-10,14.029999732971191,13.880000114440918,13.949999809265137,14.010000228881836,111200.0,9.115471839904785
2005-02-11,14.020000457763672,13.890000343322754,13.979999542236328,14.020000457763672,105100.0,9.121979713439941
2005-02-14,14.079999923706055,13.9399995803833,14.0600004196167,14.050000190734863,56200.0,9.141500473022461
2005-02-15,14.0600004196167,13.899999618530273,13.960000038146973,13.979999542236328,74200.0,9.095953941345215
2005-02-16,13.8100004196167,13.529999732971191,13.8100004196167,13.75,77000.0,8.946305274963379
2005-02-17,13.859999656677246,13.699999809265137,13.789999961853027,13.720000267028809,50000.0,8.926788330078125
2005-02-18,13.859999656677246,13.670000076293945,13.8100004196167,13.720000267028809,37400.0,8.926788330078125
2005-02-22,13.479999542236328,13.289999961853027,13.460000038146973,13.319999694824219,79100.0,8.66653060913086
2005-02-23,13.270000457763672,13.149999618530273,13.229999542236328,13.210000038146973,64800.0,8.594958305358887
2005-02-24,13.149999618530273,12.899999618530273,13.109999656677246,13.0600004196167,76300.0,8.497365951538086
2005-02-25,13.529999732971191,13.079999923706055,13.079999923706055,13.529999732971191,252200.0,8.803166389465332
2005-02-28,13.399999618530273,13.029999732971191,13.399999618530273,13.180000305175781,67400.0,8.57544231414795
2005-03-01,13.920000076293945,13.75,13.75,13.800000190734863,80700.0,8.978837966918945
2005-03-02,13.880000114440918,13.680000305175781,13.789999961853027,13.770000457763672,80200.0,8.959321975708008
2005-03-03,13.880000114440918,13.649999618530273,13.829999923706055,13.649999618530273,79800.0,8.881244659423828
2005-03-04,14.149999618530273,13.8100004196167,13.819999694824219,14.0600004196167,67100.0,9.148002624511719
2005-03-07,14.039999961853027,13.899999618530273,13.989999771118164,13.949999809265137,66800.0,9.076433181762695
2005-03-08,13.90999984741211,13.680000305175781,13.90999984741211,13.729999542236328,25400.0,8.933293342590332
2005-03-09,13.890000343322754,13.670000076293945,13.779999732971191,13.680000305175781,37000.0,8.900765419006348
2005-03-10,13.850000381469727,13.579999923706055,13.640000343322754,13.75,100100.0,8.946305274963379
2005-03-11,13.90999984741211,13.65999984741211,13.90999984741211,13.720000267028809,221900.0,8.926788330078125
2005-03-14,13.680000305175781,13.550000190734863,13.619999885559082,13.65999984741211,107400.0,8.887748718261719
2005-03-15,13.880000114440918,13.600000381469727,13.850000381469727,13.649999618530273,69200.0,8.881244659423828
2005-03-16,13.800000190734863,13.5,13.670000076293945,13.729999542236328,69800.0,8.933293342590332
2005-03-17,13.670000076293945,13.399999618530273,13.550000190734863,13.670000076293945,33600.0,8.894255638122559
2005-03-18,13.6899995803833,13.520000457763672,13.670000076293945,13.630000114440918,53400.0,8.868228912353516
2005-03-21,13.630000114440918,13.449999809265137,13.630000114440918,13.569999694824219,63200.0,8.829194068908691
2005-03-22,13.359999656677246,13.020000457763672,13.199999809265137,13.109999656677246,57300.0,8.529894828796387
2005-03-23,12.720000267028809,12.539999961853027,12.710000038146973,12.649999618530273,116700.0,8.230602264404297
2005-03-24,12.9399995803833,12.600000381469727,12.630000114440918,12.680000305175781,144400.0,8.250121116638184
2005-03-28,12.859999656677246,12.680000305175781,12.739999771118164,12.699999809265137,30900.0,8.263134002685547
2005-03-29,12.899999618530273,12.699999809265137,12.729999542236328,12.710000038146973,83400.0,8.26964282989502
2005-03-30,12.899999618530273,12.699999809265137,12.699999809265137,12.869999885559082,25300.0,8.499394416809082
2005-03-31,12.84000015258789,12.600000381469727,12.819999694824219,12.680000305175781,44000.0,8.373917579650879
2005-04-01,13.170000076293945,12.789999961853027,13.119999885559082,12.859999656677246,57000.0,8.492789268493652
2005-04-04,12.850000381469727,12.59000015258789,12.729999542236328,12.819999694824219,69900.0,8.466374397277832
2005-04-05,12.890000343322754,12.710000038146973,12.779999732971191,12.819999694824219,56900.0,8.466374397277832
2005-04-06,12.890000343322754,12.760000228881836,12.789999961853027,12.819999694824219,73000.0,8.466374397277832
2005-04-07,13.039999961853027,12.829999923706055,13.010000228881836,12.829999923706055,180100.0,8.472981452941895
2005-04-08,12.779999732971191,12.59000015258789,12.779999732971191,12.649999618530273,59700.0,8.354104995727539
2005-04-11,12.84000015258789,12.670000076293945,12.670000076293945,12.739999771118164,43500.0,8.413542747497559
2005-04-12,12.800000190734863,12.569999694824219,12.6899995803833,12.779999732971191,46900.0,8.439959526062012
2005-04-13,12.6899995803833,12.510000228881836,12.6899995803833,12.5600004196167,39900.0,8.294670104980469
2005-04-14,12.539999961853027,12.25,12.539999961853027,12.34000015258789,75300.0,8.14937973022461
2005-04-15,12.109999656677246,11.90999984741211,12.069999694824219,11.949999809265137,42900.0,7.891820907592773
2005-04-18,12.069999694824219,11.789999961853027,11.850000381469727,12.010000228881836,48500.0,7.931447982788086
2005-04-19,12.279999732971191,12.15999984741211,12.279999732971191,12.199999809265137,57900.0,8.056923866271973
2005-04-20,12.100000381469727,11.869999885559082,12.050000190734863,11.899999618530273,75800.0,7.858800411224365
2005-04-21,11.960000038146973,11.819999694824219,11.890000343322754,11.960000038146973,84600.0,7.898427486419678
2005-04-22,12.220000267028809,11.989999771118164,11.989999771118164,12.100000381469727,102400.0,7.9908857345581055
2005-04-25,12.069999694824219,11.920000076293945,12.0,12.020000457763672,55800.0,7.938050746917725
2005-04-26,12.100000381469727,11.859999656677246,12.039999961853027,11.869999885559082,192300.0,7.838990211486816
2005-04-27,12.0600004196167,11.720000267028809,11.850000381469727,11.949999809265137,144100.0,7.891820907592773
2005-04-28,11.649999618530273,11.3100004196167,11.390000343322754,11.390000343322754,112200.0,7.521999359130859
2005-04-29,11.729999542236328,11.539999961853027,11.680000305175781,11.699999809265137,109100.0,7.72672176361084
2005-05-02,11.760000228881836,11.609999656677246,11.75,11.699999809265137,63600.0,7.72672176361084
2005-05-03,11.579999923706055,11.40999984741211,11.550000190734863,11.420000076293945,72900.0,7.541810512542725
2005-05-04,11.899999618530273,11.65999984741211,11.65999984741211,11.850000381469727,35800.0,7.825784683227539
2005-05-05,11.829999923706055,11.6899995803833,11.75,11.800000190734863,49600.0,7.792762756347656
2005-05-06,11.779999732971191,11.619999885559082,11.739999771118164,11.619999885559082,34400.0,7.673890113830566
2005-05-09,11.670000076293945,11.550000190734863,11.630000114440918,11.649999618530273,41300.0,7.693702697753906
2005-05-10,11.600000381469727,11.479999542236328,11.569999694824219,11.529999732971191,45100.0,7.61445426940918
2005-05-11,11.449999809265137,11.260000228881836,11.369999885559082,11.420000076293945,46500.0,7.541810512542725
2005-05-12,11.520000457763672,11.350000381469727,11.390000343322754,11.399999618530273,37000.0,7.528600692749023
2005-05-13,11.3100004196167,11.180000305175781,11.300000190734863,11.210000038146973,57400.0,7.4031243324279785
2005-05-16,11.550000190734863,11.149999618530273,11.149999618530273,11.390000343322754,49200.0,7.521999359130859
2005-05-17,11.739999771118164,11.369999885559082,11.739999771118164,11.520000457763672,77900.0,7.607850551605225
2005-05-18,11.619999885559082,11.430000305175781,11.449999809265137,11.5600004196167,91700.0,7.634264945983887
2005-05-19,11.920000076293945,11.720000267028809,11.720000267028809,11.920000076293945,58100.0,7.872012615203857
2005-05-20,11.949999809265137,11.6899995803833,11.75,11.850000381469727,48800.0,7.825784683227539
2005-05-23,11.880000114440918,11.6899995803833,11.800000190734863,11.850000381469727,60100.0,7.825784683227539
2005-05-24,11.739999771118164,11.609999656677246,11.710000038146973,11.729999542236328,54100.0,7.74653959274292
2005-05-25,11.770000457763672,11.550000190734863,11.600000381469727,11.739999771118164,117600.0,7.753139019012451
2005-05-26,12.0,11.75,11.899999618530273,11.920000076293945,53500.0,7.872012615203857
2005-05-27,12.1899995803833,11.960000038146973,12.0,12.119999885559082,82100.0,8.004091262817383
2005-05-31,12.0600004196167,11.850000381469727,12.050000190734863,11.90999984741211,58400.0,7.86540412902832
2005-06-01,12.239999771118164,11.829999923706055,11.829999923706055,12.069999694824219,41400.0,7.971070766448975
2005-06-02,12.010000228881836,11.890000343322754,11.899999618530273,11.979999542236328,38200.0,7.911636829376221
2005-06-03,11.880000114440918,11.770000457763672,11.850000381469727,11.859999656677246,43300.0,7.832386493682861
2005-06-06,11.989999771118164,11.760000228881836,11.84000015258789,11.960000038146973,24700.0,7.898427486419678
2005-06-07,12.289999961853027,12.0,12.0,12.1899995803833,94100.0,8.050318717956543
2005-06-08,12.210000038146973,12.029999732971191,12.210000038146973,12.069999694824219,30200.0,7.971070766448975
2005-06-09,12.170000076293945,11.949999809265137,11.979999542236328,12.109999656677246,80900.0,7.997489929199219
2005-06-10,12.270000457763672,12.170000076293945,12.199999809265137,12.1899995803833,26100.0,8.050318717956543
2005-06-13,12.239999771118164,12.130000114440918,12.149999618530273,12.1899995803833,34900.0,8.050318717956543
2005-06-14,12.1899995803833,12.069999694824219,12.100000381469727,12.09000015258789,78600.0,7.984281063079834
2005-06-15,12.380000114440918,12.239999771118164,12.239999771118164,12.380000114440918,60200.0,8.175799369812012
2005-06-16,12.550000190734863,12.380000114440918,12.4399995803833,12.479999542236328,116800.0,8.241838455200195
2005-06-17,12.609999656677246,12.5,12.579999923706055,12.529999732971191,31800.0,8.274857521057129
2005-06-20,12.619999885559082,12.460000038146973,12.520000457763672,12.600000381469727,35700.0,8.321084976196289
2005-06-21,12.59000015258789,12.430000305175781,12.470000267028809,12.529999732971191,77900.0,8.274857521057129
2005-06-22,12.569999694824219,12.460000038146973,12.539999961853027,12.489999771118164,53800.0,8.248442649841309
2005-06-23,12.720000267028809,12.479999542236328,12.59000015258789,12.479999542236328,74100.0,8.241838455200195
2005-06-24,12.529999732971191,12.329999923706055,12.420000076293945,12.4399995803833,55300.0,8.215420722961426
2005-06-27,12.329999923706055,12.180000305175781,12.319999694824219,12.239999771118164,49200.0,8.08333969116211
2005-06-28,12.260000228881836,12.140000343322754,12.15999984741211,12.260000228881836,110600.0,8.096549987792969
2005-06-29,12.239999771118164,12.069999694824219,12.079999923706055,12.1899995803833,97600.0,8.050318717956543
2005-06-30,12.130000114440918,11.970000267028809,12.09000015258789,12.010000228881836,107700.0,7.931447982788086
2005-07-01,12.15999984741211,12.0600004196167,12.109999656677246,12.140000343322754,43300.0,8.017301559448242
2005-07-05,12.279999732971191,12.010000228881836,12.039999961853027,12.260000228881836,40600.0,8.096549987792969
2005-07-06,14.829999923706055,13.699999809265137,13.699999809265137,14.699999809265137,2214600.0,9.707934379577637
2005-07-07,14.890000343322754,14.130000114440918,14.220000267028809,14.640000343322754,1149300.0,9.668307304382324
2005-07-08,15.0,14.520000457763672,14.539999961853027,14.960000038146973,569400.0,9.879638671875
2005-07-11,15.699999809265137,14.699999809265137,14.789999961853027,15.449999809265137,561100.0,10.203238487243652
2005-07-12,15.390000343322754,15.100000381469727,15.270000457763672,15.300000190734863,180200.0,10.104175567626953
2005-07-13,15.079999923706055,14.789999961853027,14.949999809265137,15.0,1867200.0,9.90605354309082
2005-07-14,14.970000267028809,14.779999732971191,14.920000076293945,14.9399995803833,333500.0,9.86642837524414
2005-07-15,14.819999694824219,14.5,14.569999694824219,14.609999656677246,458400.0,9.648497581481934
2005-07-18,14.9399995803833,14.520000457763672,14.609999656677246,14.75,181000.0,9.740952491760254
2005-07-19,14.789999961853027,14.510000228881836,14.529999732971191,14.760000228881836,365900.0,9.747563362121582
2005-07-20,14.670000076293945,14.25,14.420000076293945,14.420000076293945,478400.0,9.523018836975098
2005-07-21,14.399999618530273,14.15999984741211,14.25,14.350000381469727,581800.0,9.476792335510254
2005-07-22,14.510000228881836,14.279999732971191,14.329999923706055,14.460000038146973,209500.0,9.5494384765625
2005-07-25,14.539999961853027,14.25,14.319999694824219,14.390000343322754,105400.0,9.503206253051758
2005-07-26,14.5,14.279999732971191,14.300000190734863,14.390000343322754,124500.0,9.503206253051758
2005-07-27,14.680000305175781,14.460000038146973,14.489999771118164,14.65999984741211,564100.0,9.681514739990234
2005-07-28,14.8100004196167,14.550000190734863,14.699999809265137,14.760000228881836,193200.0,9.747563362121582
2005-07-29,14.710000038146973,14.449999809265137,14.670000076293945,14.539999961853027,155700.0,9.60227108001709
2005-08-01,15.680000305175781,15.25,15.4399995803833,15.470000267028809,745400.0,10.21644115447998
2005-08-02,15.359999656677246,15.010000228881836,15.359999656677246,15.149999618530273,253300.0,10.005114555358887
2005-08-03,15.069999694824219,14.930000305175781,14.989999771118164,14.949999809265137,125200.0,9.873032569885254
2005-08-04,13.680000305175781,13.119999885559082,13.680000305175781,13.40999984741211,1846600.0,8.856014251708984
2005-08-05,13.460000038146973,13.180000305175781,13.390000343322754,13.319999694824219,208000.0,8.796574592590332
2005-08-08,13.680000305175781,13.399999618530273,13.630000114440918,13.40999984741211,150200.0,8.856014251708984
2005-08-09,13.449999809265137,13.359999656677246,13.4399995803833,13.390000343322754,87600.0,8.842806816101074
2005-08-10,13.5600004196167,13.369999885559082,13.510000228881836,13.399999618530273,128300.0,8.849411010742188
2005-08-11,13.579999923706055,13.4399995803833,13.5,13.529999732971191,128800.0,8.935262680053711
2005-08-12,13.609999656677246,13.460000038146973,13.609999656677246,13.569999694824219,73700.0,8.961676597595215
2005-08-15,13.5,13.359999656677246,13.489999771118164,13.449999809265137,96400.0,8.882427215576172
2005-08-16,13.399999618530273,13.239999771118164,13.399999618530273,13.3100004196167,38500.0,8.789973258972168
2005-08-17,13.1899995803833,13.039999961853027,13.130000114440918,13.09000015258789,314200.0,8.644683837890625
2005-08-18,13.149999618530273,12.989999771118164,13.09000015258789,13.079999923706055,424100.0,8.638076782226562
2005-08-19,13.270000457763672,13.09000015258789,13.199999809265137,13.229999542236328,94800.0,8.737138748168945
2005-08-22,13.449999809265137,13.289999961853027,13.350000381469727,13.319999694824219,171400.0,8.796574592590332
2005-08-23,13.489999771118164,13.399999618530273,13.4399995803833,13.449999809265137,61800.0,8.882427215576172
2005-08-24,13.449999809265137,13.279999732971191,13.449999809265137,13.319999694824219,132000.0,8.796574592590332
2005-08-25,13.210000038146973,13.119999885559082,13.149999618530273,13.149999618530273,150400.0,8.684305191040039
2005-08-26,13.289999961853027,13.140000343322754,13.279999732971191,13.180000305175781,31400.0,8.704121589660645
2005-08-29,13.239999771118164,13.039999961853027,13.100000381469727,13.239999771118164,68200.0,8.743741989135742
2005-08-30,13.220000267028809,13.010000228881836,13.220000267028809,13.130000114440918,58300.0,8.671099662780762
2005-08-31,13.359999656677246,13.1899995803833,13.210000038146973,13.359999656677246,119500.0,8.822996139526367
2005-09-01,13.489999771118164,13.3100004196167,13.34000015258789,13.470000267028809,115200.0,8.895639419555664
2005-09-02,13.510000228881836,13.34000015258789,13.399999618530273,13.470000267028809,352800.0,8.895639419555664
2005-09-06,13.729999542236328,13.619999885559082,13.640000343322754,13.710000038146973,158900.0,9.054131507873535
2005-09-07,13.600000381469727,13.449999809265137,13.569999694824219,13.579999923706055,88000.0,9.06387710571289
2005-09-08,13.979999542236328,13.760000228881836,13.760000228881836,13.899999618530273,522900.0,9.277460098266602
2005-09-09,13.970000267028809,13.850000381469727,13.899999618530273,13.899999618530273,214000.0,9.277460098266602
2005-09-12,13.789999961853027,13.630000114440918,13.699999809265137,13.6899995803833,129300.0,9.137298583984375
2005-09-13,13.670000076293945,13.5,13.640000343322754,13.550000190734863,137400.0,9.043854713439941
2005-09-14,13.670000076293945,13.510000228881836,13.630000114440918,13.539999961853027,78600.0,9.037179946899414
2005-09-15,13.649999618530273,13.529999732971191,13.600000381469727,13.579999923706055,62100.0,9.06387710571289
2005-09-16,13.65999984741211,13.529999732971191,13.59000015258789,13.640000343322754,98800.0,9.103922843933105
2005-09-19,13.699999809265137,13.579999923706055,13.600000381469727,13.59000015258789,36500.0,9.070552825927734
2005-09-20,13.619999885559082,13.319999694824219,13.609999656677246,13.369999885559082,81400.0,8.923715591430664
2005-09-21,13.34000015258789,13.010000228881836,13.34000015258789,13.109999656677246,493200.0,8.7501802444458
2005-09-22,12.850000381469727,12.619999885559082,12.850000381469727,12.729999542236328,335400.0,8.496550559997559
2005-09-23,12.819999694824219,12.699999809265137,12.8100004196167,12.729999542236328,173100.0,8.496550559997559
2005-09-26,12.960000038146973,12.859999656677246,12.859999656677246,12.930000305175781,93600.0,8.630040168762207
2005-09-27,12.9399995803833,12.75,12.880000114440918,12.920000076293945,85200.0,8.623364448547363
2005-09-28,13.0,12.880000114440918,12.979999542236328,12.90999984741211,210800.0,8.616691589355469
2005-09-29,13.0600004196167,12.819999694824219,12.930000305175781,13.0600004196167,183100.0,8.716808319091797
2005-09-30,13.100000381469727,13.0,13.050000190734863,13.029999732971191,102100.0,8.696784019470215
2005-10-03,13.069999694824219,12.970000267028809,13.029999732971191,13.020000457763672,42100.0,8.690109252929688
2005-10-04,13.15999984741211,12.970000267028809,13.119999885559082,12.979999542236328,65400.0,8.663409233093262
2005-10-05,13.199999809265137,13.0,13.119999885559082,13.0,133100.0,8.67676067352295
2005-10-06,13.039999961853027,12.699999809265137,13.039999961853027,12.760000228881836,960400.0,8.516576766967773
2005-10-07,12.770000457763672,12.65999984741211,12.75,12.760000228881836,325900.0,8.516576766967773
2005-10-10,12.850000381469727,12.600000381469727,12.850000381469727,12.670000076293945,111300.0,8.456504821777344
2005-10-11,12.729999542236328,12.5600004196167,12.65999984741211,12.59000015258789,212800.0,8.40311050415039
2005-10-12,12.489999771118164,12.289999961853027,12.40999984741211,12.369999885559082,260900.0,8.256270408630371
2005-10-13,12.220000267028809,12.050000190734863,12.220000267028809,12.199999809265137,221800.0,8.142807006835938
2005-10-14,12.369999885559082,12.140000343322754,12.15999984741211,12.369999885559082,74600.0,8.256270408630371
2005-10-17,12.279999732971191,12.199999809265137,12.260000228881836,12.279999732971191,21500.0,8.19620132446289
2005-10-18,12.109999656677246,11.920000076293945,12.109999656677246,11.949999809265137,180200.0,7.975945949554443
2005-10-19,11.800000190734863,11.470000267028809,11.680000305175781,11.760000228881836,439500.0,7.849131107330322
2005-10-20,11.789999961853027,11.520000457763672,11.760000228881836,11.579999923706055,132000.0,7.728995323181152
2005-10-21,11.729999542236328,11.5600004196167,11.710000038146973,11.630000114440918,112300.0,7.762365818023682
2005-10-24,12.0600004196167,11.869999885559082,11.869999885559082,12.0600004196167,111500.0,8.049365997314453
2005-10-25,12.09000015258789,11.880000114440918,12.0600004196167,11.960000038146973,154400.0,7.982618808746338
2005-10-26,12.380000114440918,11.970000267028809,11.989999771118164,12.199999809265137,143500.0,8.142807006835938
2005-10-27,12.100000381469727,11.850000381469727,12.039999961853027,11.970000267028809,198100.0,7.989294052124023
2005-10-28,12.100000381469727,11.890000343322754,11.899999618530273,12.0600004196167,318200.0,8.049365997314453
2005-10-31,12.670000076293945,12.420000076293945,12.420000076293945,12.529999732971191,362700.0,8.363059997558594
2005-11-01,12.760000228881836,12.550000190734863,12.75,12.649999618530273,138200.0,8.443157196044922
2005-11-02,13.039999961853027,12.680000305175781,12.680000305175781,12.90999984741211,363600.0,8.616691589355469
2005-11-03,13.399999618530273,13.229999542236328,13.350000381469727,13.319999694824219,844100.0,8.890344619750977
2005-11-04,13.619999885559082,13.369999885559082,13.609999656677246,13.4399995803833,340400.0,8.970437049865723
2005-11-07,13.489999771118164,13.3100004196167,13.489999771118164,13.359999656677246,93400.0,8.917041778564453
2005-11-08,13.460000038146973,13.34000015258789,13.390000343322754,13.449999809265137,453200.0,8.977107048034668
2005-11-09,13.510000228881836,13.34000015258789,13.34000015258789,13.399999618530273,223600.0,8.94373893737793
2005-11-10,13.670000076293945,13.460000038146973,13.479999542236328,13.59000015258789,275800.0,9.070552825927734
2005-11-11,13.640000343322754,13.4399995803833,13.630000114440918,13.520000457763672,196200.0,9.023831367492676
2005-11-14,13.59000015258789,13.470000267028809,13.479999542236328,13.579999923706055,65800.0,9.06387710571289
2005-11-15,13.460000038146973,13.289999961853027,13.390000343322754,13.329999923706055,261800.0,8.897018432617188
2005-11-16,13.380000114440918,13.289999961853027,13.380000114440918,13.359999656677246,94500.0,8.917041778564453
2005-11-17,13.5600004196167,13.399999618530273,13.430000305175781,13.510000228881836,156600.0,9.017157554626465
2005-11-18,13.739999771118164,13.5,13.649999618530273,13.609999656677246,170300.0,9.08389663696289
2005-11-21,13.5600004196167,13.40999984741211,13.529999732971191,13.550000190734863,120800.0,9.043854713439941
2005-11-22,13.770000457763672,13.399999618530273,13.460000038146973,13.75,249500.0,9.17734146118164
2005-11-23,13.680000305175781,13.470000267028809,13.5,13.630000114440918,149600.0,9.097250938415527
2005-11-25,13.600000381469727,13.430000305175781,13.59000015258789,13.510000228881836,102100.0,9.017157554626465
2005-11-28,13.869999885559082,13.739999771118164,13.739999771118164,13.760000228881836,315700.0,9.1840181350708
2005-11-29,13.960000038146973,13.8100004196167,13.90999984741211,13.920000076293945,264800.0,9.290811538696289
2005-11-30,13.899999618530273,13.75,13.899999618530273,13.75,205400.0,9.17734146118164
2005-12-01,14.100000381469727,13.9399995803833,13.9399995803833,14.079999923706055,574100.0,9.397600173950195
2005-12-02,14.390000343322754,14.15999984741211,14.229999542236328,14.359999656677246,423600.0,9.584480285644531
2005-12-05,14.75,14.520000457763672,14.59000015258789,14.699999809265137,853900.0,9.81141471862793
2005-12-06,15.09000015258789,14.75,14.760000228881836,14.949999809265137,617000.0,9.97827434539795
2005-12-07,14.989999771118164,14.699999809265137,14.970000267028809,14.779999732971191,464700.0,9.864808082580566
2005-12-08,14.920000076293945,14.710000038146973,14.84000015258789,14.800000190734863,419800.0,9.87816047668457
2005-12-09,14.989999771118164,14.859999656677246,14.859999656677246,14.930000305175781,141200.0,9.964924812316895
2005-12-12,15.069999694824219,14.989999771118164,15.010000228881836,15.010000228881836,160600.0,10.01832103729248
2005-12-13,15.180000305175781,15.0,15.029999732971191,15.079999923706055,117900.0,10.065042495727539
2005-12-14,15.180000305175781,15.029999732971191,15.029999732971191,15.149999618530273,65200.0,10.111763954162598
2005-12-15,15.100000381469727,14.960000038146973,15.0600004196167,14.979999542236328,129800.0,9.99830150604248
2005-12-16,15.619999885559082,15.470000267028809,15.5600004196167,15.539999961853027,467800.0,10.372066497802734
2005-12-19,15.789999961853027,15.539999961853027,15.789999961853027,15.630000114440918,190800.0,10.432137489318848
2005-12-20,15.920000076293945,15.739999771118164,15.760000228881836,15.869999885559082,309500.0,10.592323303222656
2005-12-21,15.699999809265137,15.510000228881836,15.569999694824219,15.619999885559082,414700.0,10.425458908081055
2005-12-22,15.6899995803833,15.569999694824219,15.640000343322754,15.649999618530273,218400.0,10.445483207702637
2005-12-23,15.710000038146973,15.520000457763672,15.710000038146973,15.630000114440918,159000.0,10.432137489318848
2005-12-27,15.800000190734863,15.5,15.680000305175781,15.520000457763672,343300.0,10.358719825744629
2005-12-28,15.6899995803833,15.479999542236328,15.6899995803833,15.5600004196167,181400.0,10.385416030883789
2005-12-29,15.489999771118164,15.149999618530273,15.420000076293945,15.4399995803833,143500.0,10.30532169342041
2005-12-30,15.430000305175781,15.279999732971191,15.350000381469727,15.390000343322754,93400.0,10.271950721740723
2006-01-03,15.869999885559082,15.460000038146973,15.479999542236328,15.869999885559082,322900.0,10.592323303222656
2006-01-04,16.18000030517578,15.850000381469727,15.850000381469727,16.110000610351562,435600.0,10.752511024475098
2006-01-05,16.690000534057617,16.530000686645508,16.530000686645508,16.6200008392334,512000.0,11.09290885925293
2006-01-06,17.049999237060547,16.8799991607666,16.959999084472656,16.93000030517578,669100.0,11.299810409545898
2006-01-09,17.010000228881836,16.899999618530273,16.979999542236328,16.920000076293945,237000.0,11.293140411376953
2006-01-10,16.81999969482422,16.6200008392334,16.670000076293945,16.81999969482422,309900.0,11.226395606994629
2006-01-11,17.139999389648438,16.90999984741211,17.010000228881836,17.100000381469727,346600.0,11.41327953338623
2006-01-12,17.299999237060547,17.09000015258789,17.1299991607666,17.200000762939453,420000.0,11.480025291442871
2006-01-13,17.15999984741211,17.030000686645508,17.030000686645508,17.15999984741211,88700.0,11.453324317932129
2006-01-17,17.06999969482422,16.8700008392334,16.979999542236328,17.06999969482422,278600.0,11.393253326416016
2006-01-18,16.829999923706055,16.549999237060547,16.709999084472656,16.719999313354492,382000.0,11.159648895263672
2006-01-19,17.1200008392334,17.0,17.06999969482422,17.020000457763672,108600.0,11.359882354736328
2006-01-20,17.600000381469727,17.299999237060547,17.489999771118164,17.559999465942383,1030800.0,11.720296859741211
2006-01-23,17.860000610351562,17.59000015258789,17.6299991607666,17.799999237060547,492700.0,11.880487442016602
2006-01-24,18.1200008392334,17.989999771118164,17.989999771118164,18.1200008392334,590500.0,12.094069480895996
2006-01-25,18.200000762939453,17.959999084472656,18.1299991607666,18.139999389648438,308800.0,12.107416152954102
2006-01-26,18.56999969482422,18.350000381469727,18.520000457763672,18.399999618530273,435900.0,12.280954360961914
2006-01-27,18.579999923706055,18.290000915527344,18.579999923706055,18.34000015258789,212900.0,12.240910530090332
2006-01-30,18.399999618530273,18.290000915527344,18.389999389648438,18.34000015258789,250000.0,12.240910530090332
2006-01-31,18.510000228881836,18.350000381469727,18.399999618530273,18.450000762939453,432400.0,12.314325332641602
2006-02-01,18.8700008392334,18.68000030517578,18.770000457763672,18.790000915527344,434100.0,12.541258811950684
2006-02-02,18.579999923706055,18.3799991607666,18.549999237060547,18.440000534057617,402600.0,12.307655334472656
2006-02-03,18.229999542236328,18.09000015258789,18.229999542236328,18.15999984741211,522100.0,12.120768547058105
2006-02-06,18.010000228881836,17.610000610351562,17.979999542236328,17.700000762939453,721200.0,11.813745498657227
2006-02-07,19.479999542236328,18.709999084472656,19.360000610351562,18.709999084472656,2634200.0,12.487860679626465
2006-02-08,18.739999771118164,18.43000030517578,18.68000030517578,18.5,1216000.0,12.347697257995605
2006-02-09,18.649999618530273,18.389999389648438,18.399999618530273,18.489999771118164,1234400.0,12.341024398803711
2006-02-10,18.93000030517578,18.59000015258789,18.75,18.799999237060547,284300.0,12.547930717468262
2006-02-13,19.020000457763672,18.739999771118164,18.780000686645508,18.8700008392334,230300.0,12.59465217590332
2006-02-14,18.959999084472656,18.690000534057617,18.790000915527344,18.920000076293945,300600.0,12.628023147583008
2006-02-15,18.600000381469727,18.239999771118164,18.56999969482422,18.510000228881836,437900.0,12.354373931884766
2006-02-16,18.780000686645508,18.489999771118164,18.530000686645508,18.770000457763672,328700.0,12.527911186218262
2006-02-17,18.979999542236328,18.760000228881836,18.799999237060547,18.950000762939453,462200.0,12.648049354553223
2006-02-21,19.309999465942383,19.15999984741211,19.260000228881836,19.209999084472656,417700.0,12.82158088684082
2006-02-22,19.6200008392334,19.420000076293945,19.450000762939453,19.56999969482422,384200.0,13.061861991882324
2006-02-23,19.649999618530273,19.329999923706055,19.649999618530273,19.5,324800.0,13.015141487121582
2006-02-24,19.329999923706055,19.15999984741211,19.260000228881836,19.229999542236328,290300.0,12.834931373596191
2006-02-27,19.290000915527344,19.219999313354492,19.280000686645508,19.25,225900.0,12.848284721374512
2006-02-28,19.229999542236328,18.959999084472656,19.190000534057617,19.059999465942383,173000.0,12.721465110778809
2006-03-01,19.170000076293945,18.950000762939453,19.06999969482422,19.079999923706055,266900.0,12.734817504882812
2006-03-02,18.93000030517578,18.530000686645508,18.90999984741211,18.700000762939453,295100.0,12.481192588806152
2006-03-03,18.450000762939453,18.1200008392334,18.3700008392334,18.420000076293945,373900.0,12.294303894042969
2006-03-06,18.739999771118164,18.360000610351562,18.709999084472656,18.450000762939453,150800.0,12.314325332641602
2006-03-07,18.239999771118164,18.100000381469727,18.209999084472656,18.149999618530273,122000.0,12.114090919494629
2006-03-08,18.0,17.780000686645508,17.809999465942383,17.940000534057617,538300.0,11.973931312561035
2006-03-09,18.25,18.049999237060547,18.170000076293945,18.06999969482422,173900.0,12.060700416564941
2006-03-10,18.309999465942383,18.09000015258789,18.100000381469727,18.299999237060547,244900.0,12.214211463928223
2006-03-13,18.780000686645508,18.389999389648438,18.40999984741211,18.649999618530273,675200.0,12.447816848754883
2006-03-14,18.75,18.510000228881836,18.559999465942383,18.719999313354492,212300.0,12.494536399841309
2006-03-15,19.59000015258789,19.219999313354492,19.59000015258789,19.459999084472656,528500.0,12.988443374633789
2006-03-16,19.969999313354492,19.68000030517578,19.68000030517578,19.90999984741211,713000.0,13.288792610168457
2006-03-17,20.43000030517578,20.209999084472656,20.350000381469727,20.329999923706055,683500.0,13.569119453430176
2006-03-20,20.530000686645508,20.200000762939453,20.530000686645508,20.270000457763672,185500.0,13.529071807861328
2006-03-21,20.170000076293945,19.950000762939453,20.059999465942383,19.950000762939453,213500.0,13.3154935836792
2006-03-22,20.09000015258789,19.889999389648438,19.90999984741211,20.09000015258789,190300.0,13.408939361572266
2006-03-23,20.209999084472656,19.700000762939453,20.15999984741211,19.90999984741211,519400.0,13.288792610168457
2006-03-24,20.0,19.6299991607666,19.770000457763672,19.950000762939453,666800.0,13.3154935836792
2006-03-27,19.68000030517578,19.5,19.670000076293945,19.649999618530273,484300.0,13.115257263183594
2006-03-28,19.549999237060547,19.260000228881836,19.469999313354492,19.329999923706055,282400.0,12.90167236328125
2006-03-29,19.190000534057617,18.950000762939453,19.030000686645508,19.149999618530273,932400.0,12.908758163452148
2006-03-30,19.15999984741211,18.959999084472656,19.020000457763672,19.0,375700.0,12.807640075683594
2006-03-31,19.040000915527344,18.81999969482422,18.950000762939453,18.860000610351562,550300.0,12.713269233703613
2006-04-03,19.440000534057617,19.15999984741211,19.15999984741211,19.3700008392334,375900.0,13.057056427001953
2006-04-04,19.420000076293945,19.200000762939453,19.219999313354492,19.360000610351562,143600.0,13.05031681060791
2006-04-05,19.6299991607666,19.360000610351562,19.579999923706055,19.579999923706055,202900.0,13.19861125946045
2006-04-06,19.540000915527344,19.329999923706055,19.420000076293945,19.510000228881836,205200.0,13.151421546936035
2006-04-07,19.600000381469727,19.1299991607666,19.59000015258789,19.229999542236328,209300.0,12.962677001953125
2006-04-10,18.959999084472656,18.780000686645508,18.829999923706055,18.920000076293945,210200.0,12.753714561462402
2006-04-11,18.829999923706055,18.360000610351562,18.75,18.3799991607666,208200.0,12.389708518981934
2006-04-12,18.700000762939453,18.489999771118164,18.489999771118164,18.65999984741211,90200.0,12.578449249267578
2006-04-13,19.020000457763672,18.510000228881836,18.559999465942383,19.010000228881836,307700.0,12.814383506774902
2006-04-17,19.200000762939453,19.0,19.149999618530273,19.020000457763672,80600.0,12.821120262145996
2006-04-18,19.809999465942383,19.469999313354492,19.520000457763672,19.780000686645508,247800.0,13.333430290222168
2006-04-19,20.270000457763672,20.049999237060547,20.149999618530273,20.25,190400.0,13.650247573852539
2006-04-20,20.059999465942383,19.860000610351562,19.979999542236328,19.950000762939453,195200.0,13.448026657104492
2006-04-21,20.190000534057617,19.979999542236328,20.18000030517578,20.049999237060547,88100.0,13.515437126159668
2006-04-24,20.3700008392334,19.940000534057617,20.309999465942383,20.18000030517578,231700.0,13.603063583374023
2006-04-25,20.700000762939453,20.309999465942383,20.670000076293945,20.700000762939453,649000.0,13.953591346740723
2006-04-26,22.610000610351562,22.15999984741211,22.25,22.479999542236328,1297500.0,15.15346622467041
2006-04-27,22.579999923706055,22.100000381469727,22.110000610351562,22.420000076293945,1075900.0,15.113019943237305
2006-04-28,22.09000015258789,21.639999389648438,21.690000534057617,21.8700008392334,479400.0,14.742271423339844
2006-05-01,22.25,21.6200008392334,21.6200008392334,22.0,584800.0,14.829902648925781
2006-05-02,22.459999084472656,22.1200008392334,22.350000381469727,22.450000762939453,847600.0,15.1332368850708
2006-05-03,22.5,22.270000457763672,22.389999389648438,22.399999618530273,610200.0,15.099541664123535
2006-05-04,22.549999237060547,22.280000686645508,22.350000381469727,22.40999984741211,250600.0,15.106278419494629
2006-05-05,22.969999313354492,22.540000915527344,22.549999237060547,22.959999084472656,225100.0,15.477019309997559
2006-05-08,23.1200008392334,22.90999984741211,22.940000534057617,23.010000228881836,134900.0,15.510724067687988
2006-05-09,22.979999542236328,22.719999313354492,22.780000686645508,22.93000030517578,110700.0,15.456804275512695
2006-05-10,22.709999084472656,22.440000534057617,22.6299991607666,22.670000076293945,249400.0,15.281537055969238
2006-05-11,22.649999618530273,22.219999313354492,22.639999389648438,22.25,238000.0,14.998425483703613
2006-05-12,22.190000534057617,21.530000686645508,22.1200008392334,21.530000686645508,289900.0,14.513080596923828
2006-05-15,21.139999389648438,20.729999542236328,20.760000228881836,21.040000915527344,278000.0,14.182774543762207
2006-05-16,21.40999984741211,20.93000030517578,21.09000015258789,21.1200008392334,143600.0,14.236705780029297
2006-05-17,20.799999237060547,19.6299991607666,20.760000228881836,20.149999618530273,550200.0,13.582841873168945
2006-05-18,20.09000015258789,19.010000228881836,19.979999542236328,19.420000076293945,709900.0,13.090757369995117
2006-05-19,19.829999923706055,19.450000762939453,19.469999313354492,19.75,321500.0,13.313202857971191
2006-05-22,19.639999389648438,19.010000228881836,19.579999923706055,19.280000686645508,259600.0,12.99638557434082
2006-05-23,19.84000015258789,19.3700008392334,19.3700008392334,19.510000228881836,357500.0,13.151421546936035
2006-05-24,19.239999771118164,18.75,18.809999465942383,19.139999389648438,858900.0,12.902010917663574
2006-05-25,19.489999771118164,19.170000076293945,19.3700008392334,19.43000030517578,213000.0,13.097497940063477
2006-05-26,19.8700008392334,19.520000457763672,19.610000610351562,19.84000015258789,118100.0,13.373876571655273
2006-05-30,19.549999237060547,19.170000076293945,19.450000762939453,19.209999084472656,225900.0,12.949200630187988
2006-05-31,19.719999313354492,19.3700008392334,19.5,19.549999237060547,325300.0,13.178391456604004
2006-06-01,19.670000076293945,19.059999465942383,19.09000015258789,19.670000076293945,305100.0,13.259275436401367
2006-06-02,20.079999923706055,19.6200008392334,20.049999237060547,19.809999465942383,371600.0,13.35364818572998
2006-06-05,19.68000030517578,19.219999313354492,19.489999771118164,19.219999313354492,624500.0,12.955944061279297
2006-06-06,18.719999313354492,18.149999618530273,18.709999084472656,18.3799991607666,298900.0,12.389708518981934
2006-06-07,18.540000915527344,18.15999984741211,18.389999389648438,18.190000534057617,370900.0,12.261630058288574
2006-06-08,17.729999542236328,17.260000228881836,17.56999969482422,17.56999969482422,901200.0,11.843698501586914
2006-06-09,17.81999969482422,17.549999237060547,17.649999618530273,17.59000015258789,398000.0,11.857179641723633
2006-06-12,17.579999923706055,17.229999542236328,17.549999237060547,17.25,202700.0,11.627991676330566
2006-06-13,17.049999237060547,16.6200008392334,16.760000228881836,16.6299991607666,671100.0,11.210058212280273
2006-06-14,17.209999084472656,16.84000015258789,16.850000381469727,17.0,543900.0,11.459468841552734
2006-06-15,17.860000610351562,17.350000381469727,17.350000381469727,17.790000915527344,922400.0,11.991998672485352
2006-06-16,17.84000015258789,17.670000076293945,17.790000915527344,17.75,181200.0,11.965033531188965
2006-06-19,18.200000762939453,17.829999923706055,18.170000076293945,17.8799991607666,201700.0,12.052669525146484
2006-06-20,17.739999771118164,17.440000534057617,17.530000686645508,17.59000015258789,293800.0,11.857179641723633
2006-06-21,17.729999542236328,17.190000534057617,17.389999389648438,17.600000381469727,345000.0,11.863921165466309
2006-06-22,17.700000762939453,17.40999984741211,17.610000610351562,17.5,185600.0,11.796510696411133
2006-06-23,17.280000686645508,17.059999465942383,17.100000381469727,17.170000076293945,208400.0,11.57406234741211
2006-06-26,17.200000762939453,16.969999313354492,17.059999465942383,17.200000762939453,179100.0,11.59428596496582
2006-06-27,17.280000686645508,16.799999237060547,17.270000457763672,16.809999465942383,247600.0,11.331393241882324
2006-06-28,17.079999923706055,16.90999984741211,17.049999237060547,17.040000915527344,227200.0,11.486431121826172
2006-06-29,18.0,17.010000228881836,17.040000915527344,17.93000030517578,424100.0,12.086371421813965
2006-06-30,18.530000686645508,18.280000686645508,18.3799991607666,18.489999771118164,283600.0,12.46385669708252
2006-07-03,18.760000228881836,18.440000534057617,18.719999313354492,18.739999771118164,218600.0,12.632378578186035
2006-07-05,18.3799991607666,17.969999313354492,18.3799991607666,18.110000610351562,218600.0,12.207707405090332
2006-07-06,18.3700008392334,18.139999389648438,18.209999084472656,18.219999313354492,220100.0,12.281850814819336
2006-07-07,18.25,17.93000030517578,18.18000030517578,17.989999771118164,161000.0,12.126813888549805
2006-07-10,17.969999313354492,17.809999465942383,17.959999084472656,17.90999984741211,139200.0,12.07288646697998
2006-07-11,18.020000457763672,17.56999969482422,17.600000381469727,18.0,598600.0,12.133553504943848
2006-07-12,18.059999465942383,17.709999084472656,18.010000228881836,17.809999465942383,512600.0,12.005476951599121
2006-07-13,17.899999618530273,17.510000228881836,17.700000762939453,17.510000228881836,364700.0,11.803250312805176
2006-07-14,17.5,17.219999313354492,17.5,17.290000915527344,122100.0,11.654953956604004
2006-07-17,17.139999389648438,16.770000457763672,16.950000762939453,16.90999984741211,251500.0,11.398802757263184
2006-07-18,16.889999389648438,16.670000076293945,16.8799991607666,16.84000015258789,351100.0,11.351615905761719
2006-07-19,17.850000381469727,16.920000076293945,16.940000534057617,17.790000915527344,352300.0,11.991998672485352
2006-07-20,17.989999771118164,17.639999389648438,17.969999313354492,17.649999618530273,239700.0,11.897624969482422
2006-07-21,17.479999542236328,17.06999969482422,17.479999542236328,17.149999618530273,164800.0,11.560578346252441
2006-07-24,18.06999969482422,17.510000228881836,17.530000686645508,18.06999969482422,463900.0,12.180741310119629
2006-07-25,18.100000381469727,17.760000228881836,17.8799991607666,18.059999465942383,253300.0,12.174003601074219
2006-07-26,18.799999237060547,18.399999618530273,18.540000915527344,18.770000457763672,345500.0,12.652603149414062
2006-07-27,20.040000915527344,19.360000610351562,19.84000015258789,19.43000030517578,374500.0,13.097497940063477
2006-07-28,19.649999618530273,19.299999237060547,19.34000015258789,19.639999389648438,208700.0,13.239059448242188
2006-07-31,19.670000076293945,19.510000228881836,19.6200008392334,19.6200008392334,251400.0,13.225574493408203
2006-08-01,19.450000762939453,19.040000915527344,19.389999389648438,19.399999618530273,424500.0,13.077279090881348
2006-08-02,19.770000457763672,19.3700008392334,19.399999618530273,19.690000534057617,184500.0,13.2727632522583
2006-08-03,19.530000686645508,19.040000915527344,19.110000610351562,19.489999771118164,170700.0,13.137946128845215
2006-08-04,20.020000457763672,19.6200008392334,19.8799991607666,19.770000457763672,108200.0,13.326692581176758
2006-08-07,19.450000762939453,19.309999465942383,19.399999618530273,19.3799991607666,425300.0,13.063796043395996
2006-08-08,19.389999389648438,19.1200008392334,19.219999313354492,19.200000762939453,128000.0,12.942461013793945
2006-08-09,19.899999618530273,19.34000015258789,19.56999969482422,19.360000610351562,338500.0,13.05031681060791
2006-08-10,19.270000457763672,18.950000762939453,18.969999313354492,19.25,746900.0,12.976165771484375
2006-08-11,19.190000534057617,19.020000457763672,19.110000610351562,19.110000610351562,149900.0,12.88178825378418
2006-08-14,19.34000015258789,19.1299991607666,19.149999618530273,19.170000076293945,100300.0,12.922237396240234
2006-08-15,19.850000381469727,19.579999923706055,19.59000015258789,19.760000228881836,182900.0,13.3199462890625
2006-08-16,20.43000030517578,20.219999313354492,20.329999923706055,20.43000030517578,244600.0,13.771586418151855
2006-08-17,20.920000076293945,20.65999984741211,20.670000076293945,20.729999542236328,135300.0,13.973808288574219
2006-08-18,20.809999465942383,20.549999237060547,20.780000686645508,20.790000915527344,147200.0,14.01425552368164
2006-08-21,20.950000762939453,20.700000762939453,20.8799991607666,20.770000457763672,153100.0,14.000770568847656
2006-08-22,20.93000030517578,20.6299991607666,20.670000076293945,20.84000015258789,203200.0,14.04796028137207
2006-08-23,20.639999389648438,20.299999237060547,20.59000015258789,20.43000030517578,151400.0,13.771586418151855
2006-08-24,20.440000534057617,20.139999389648438,20.43000030517578,20.329999923706055,224200.0,13.70417594909668
2006-08-25,20.450000762939453,20.229999542236328,20.350000381469727,20.420000076293945,220900.0,13.764848709106445
2006-08-28,20.690000534057617,20.389999389648438,20.389999389648438,20.639999389648438,85700.0,13.913143157958984
2006-08-29,20.559999465942383,20.079999923706055,20.530000686645508,20.34000015258789,149900.0,13.710919380187988
2006-08-30,20.829999923706055,20.690000534057617,20.790000915527344,20.829999923706055,114200.0,14.041218757629395
2006-08-31,20.889999389648438,20.75,20.8700008392334,20.8799991607666,89600.0,14.074925422668457
2006-09-01,21.280000686645508,20.979999542236328,21.020000457763672,21.239999771118164,118200.0,14.317595481872559
2006-09-05,20.899999618530273,20.719999313354492,20.899999618530273,20.81999969482422,155800.0,14.034479141235352
2006-09-06,20.420000076293945,20.170000076293945,20.360000610351562,20.239999771118164,202800.0,13.74517822265625
2006-09-07,19.889999389648438,19.6200008392334,19.84000015258789,19.729999542236328,196400.0,13.398832321166992
2006-09-08,19.920000076293945,19.75,19.899999618530273,19.899999618530273,60500.0,13.514280319213867
2006-09-11,19.950000762939453,19.719999313354492,19.8700008392334,19.90999984741211,76500.0,13.521069526672363
2006-09-12,20.530000686645508,20.0,20.0,20.530000686645508,113700.0,13.942115783691406
2006-09-13,20.40999984741211,20.190000534057617,20.25,20.389999389648438,105300.0,13.8470458984375
2006-09-14,20.489999771118164,20.290000915527344,20.299999237060547,20.450000762939453,76800.0,13.887796401977539
2006-09-15,20.770000457763672,20.59000015258789,20.6299991607666,20.700000762939453,121000.0,14.057570457458496
2006-09-18,20.739999771118164,20.469999313354492,20.68000030517578,20.6200008392334,58400.0,14.003243446350098
2006-09-19,20.600000381469727,20.18000030517578,20.600000381469727,20.270000457763672,192800.0,13.765557289123535
2006-09-20,21.049999237060547,20.65999984741211,20.65999984741211,20.969999313354492,271000.0,14.240923881530762
2006-09-21,21.270000457763672,21.030000686645508,21.25,21.06999969482422,247900.0,14.308842658996582
2006-09-22,21.1299991607666,20.90999984741211,21.1299991607666,20.940000534057617,112400.0,14.220555305480957
2006-09-25,21.56999969482422,21.059999465942383,21.440000534057617,21.56999969482422,623100.0,14.648395538330078
2006-09-26,22.09000015258789,21.850000381469727,21.989999771118164,22.059999465942383,354200.0,14.981164932250977
2006-09-27,22.049999237060547,21.81999969482422,21.81999969482422,21.989999771118164,100700.0,14.93362045288086
2006-09-28,21.829999923706055,21.59000015258789,21.829999923706055,21.649999618530273,280400.0,14.702720642089844
2006-09-29,21.93000030517578,21.6299991607666,21.649999618530273,21.920000076293945,179300.0,14.886083602905273
2006-10-02,22.1200008392334,21.940000534057617,22.040000915527344,22.030000686645508,413700.0,14.960783958435059
2006-10-03,22.06999969482422,21.739999771118164,21.8799991607666,22.0,445700.0,14.940413475036621
2006-10-04,22.479999542236328,22.040000915527344,22.049999237060547,22.479999542236328,303800.0,15.266387939453125
2006-10-05,22.530000686645508,22.290000915527344,22.3799991607666,22.489999771118164,296000.0,15.273176193237305
2006-10-06,22.389999389648438,22.079999923706055,22.190000534057617,22.309999465942383,431400.0,15.150930404663086
2006-10-09,22.770000457763672,22.209999084472656,22.329999923706055,22.709999084472656,644900.0,15.422576904296875
2006-10-10,23.770000457763672,23.200000762939453,23.200000762939453,23.729999542236328,1398900.0,16.11526870727539
2006-10-11,23.530000686645508,23.100000381469727,23.110000610351562,23.5,1522900.0,15.959078788757324
2006-10-12,24.09000015258789,23.5,23.5,23.899999618530273,816600.0,16.230722427368164
2006-10-13,23.3700008392334,23.010000228881836,23.3700008392334,23.299999237060547,509700.0,15.823257446289062
2006-10-16,23.299999237060547,23.020000457763672,23.260000228881836,23.209999084472656,525400.0,15.76213550567627
2006-10-17,22.639999389648438,22.260000228881836,22.6200008392334,22.479999542236328,440500.0,15.266387939453125
2006-10-18,23.280000686645508,22.780000686645508,23.139999389648438,22.8700008392334,425200.0,15.53123950958252
2006-10-19,22.889999389648438,22.700000762939453,22.809999465942383,22.799999237060547,245800.0,15.483694076538086
2006-10-20,23.360000610351562,23.15999984741211,23.239999771118164,23.31999969482422,602800.0,15.836836814880371
2006-10-23,23.6299991607666,23.06999969482422,23.200000762939453,23.56999969482422,1046700.0,16.00661277770996
2006-10-24,23.729999542236328,23.510000228881836,23.709999084472656,23.700000762939453,435000.0,16.094898223876953
2006-10-25,22.75,22.049999237060547,22.100000381469727,22.649999618530273,1719900.0,15.381826400756836
2006-10-26,23.0,22.649999618530273,22.780000686645508,22.969999313354492,579000.0,15.599149703979492
2006-10-27,23.1299991607666,22.709999084472656,22.719999313354492,22.969999313354492,438600.0,15.599149703979492
2006-10-30,22.920000076293945,22.649999618530273,22.68000030517578,22.860000610351562,410000.0,15.524445533752441
2006-10-31,23.059999465942383,22.8700008392334,22.93000030517578,22.979999542236328,124300.0,15.605937004089355
2006-11-01,23.389999389648438,22.899999618530273,23.190000534057617,22.90999984741211,151200.0,15.558402061462402
2006-11-02,22.709999084472656,22.479999542236328,22.690000534057617,22.56999969482422,731200.0,15.327505111694336
2006-11-03,22.84000015258789,22.5,22.729999542236328,22.649999618530273,175500.0,15.381826400756836
2006-11-06,23.18000030517578,22.940000534057617,23.15999984741211,23.059999465942383,198600.0,15.660265922546387
2006-11-07,23.5,22.90999984741211,22.90999984741211,23.260000228881836,831000.0,15.796089172363281
2006-11-08,23.229999542236328,22.969999313354492,23.010000228881836,23.190000534057617,467200.0,15.748551368713379
2006-11-09,22.8799991607666,22.299999237060547,22.729999542236328,22.389999389648438,2006000.0,15.205259323120117
2006-11-10,22.950000762939453,22.520000457763672,22.56999969482422,22.829999923706055,745900.0,15.504070281982422
2006-11-13,23.1299991607666,22.850000381469727,22.850000381469727,23.079999923706055,539200.0,15.673848152160645
2006-11-14,23.100000381469727,22.780000686645508,23.030000686645508,23.010000228881836,461200.0,15.62630844116211
2006-11-15,23.209999084472656,22.829999923706055,22.829999923706055,23.110000610351562,334700.0,15.694231033325195
2006-11-16,23.15999984741211,22.979999542236328,22.979999542236328,23.09000015258789,193600.0,15.680644035339355
2006-11-17,22.90999984741211,22.719999313354492,22.799999237060547,22.799999237060547,439500.0,15.483694076538086
2006-11-20,22.65999984741211,22.450000762939453,22.600000381469727,22.469999313354492,1069800.0,15.259591102600098
2006-11-21,22.440000534057617,22.270000457763672,22.360000610351562,22.40999984741211,327900.0,15.218844413757324
2006-11-22,22.56999969482422,22.440000534057617,22.5,22.559999465942383,539400.0,15.32071304321289
2006-11-24,21.700000762939453,21.469999313354492,21.700000762939453,21.59000015258789,552700.0,14.661977767944336
2006-11-27,21.65999984741211,21.100000381469727,21.639999389648438,21.15999984741211,569500.0,14.369958877563477
2006-11-28,21.90999984741211,21.639999389648438,21.770000457763672,21.860000610351562,466000.0,14.845333099365234
2006-11-29,21.799999237060547,21.459999084472656,21.799999237060547,21.600000381469727,397900.0,14.66876220703125
2006-11-30,21.719999313354492,21.5,21.600000381469727,21.6299991607666,167600.0,14.689138412475586
2006-12-01,21.65999984741211,21.170000076293945,21.549999237060547,21.489999771118164,331000.0,14.594062805175781
2006-12-04,21.690000534057617,21.43000030517578,21.459999084472656,21.639999389648438,240000.0,14.69593334197998
2006-12-05,21.90999984741211,21.700000762939453,21.729999542236328,21.90999984741211,255700.0,14.879289627075195
2006-12-06,21.950000762939453,21.530000686645508,21.860000610351562,21.84000015258789,538600.0,14.831753730773926
2006-12-07,22.1299991607666,21.889999389648438,22.049999237060547,21.889999389648438,377900.0,14.865711212158203
2006-12-08,22.360000610351562,22.110000610351562,22.25,22.149999618530273,158700.0,15.042274475097656
2006-12-11,22.3700008392334,21.989999771118164,21.989999771118164,22.260000228881836,510700.0,15.116972923278809
2006-12-12,22.280000686645508,22.09000015258789,22.260000228881836,22.219999313354492,204400.0,15.089814186096191
2006-12-13,22.780000686645508,22.489999771118164,22.700000762939453,22.68000030517578,259100.0,15.402204513549805
2006-12-14,22.90999984741211,22.670000076293945,22.68000030517578,22.829999923706055,164500.0,15.504070281982422
2006-12-15,22.770000457763672,22.450000762939453,22.770000457763672,22.510000228881836,133700.0,15.286759376525879
2006-12-18,22.5,22.290000915527344,22.420000076293945,22.469999313354492,329400.0,15.259591102600098
2006-12-19,22.959999084472656,22.649999618530273,22.729999542236328,22.93000030517578,188200.0,15.571982383728027
2006-12-20,22.75,22.510000228881836,22.719999313354492,22.579999923706055,187200.0,15.334298133850098
2006-12-21,22.780000686645508,22.540000915527344,22.649999618530273,22.600000381469727,92900.0,15.347877502441406
2006-12-22,22.780000686645508,22.469999313354492,22.600000381469727,22.59000015258789,164800.0,15.341090202331543
2006-12-26,22.799999237060547,22.530000686645508,22.75,22.65999984741211,117900.0,15.388625144958496
2006-12-27,23.09000015258789,22.90999984741211,22.950000762939453,23.059999465942383,173700.0,15.660265922546387
2006-12-28,23.18000030517578,23.010000228881836,23.149999618530273,23.1299991607666,478700.0,15.707805633544922
2006-12-29,25.040000915527344,23.350000381469727,23.350000381469727,24.649999618530273,839100.0,16.74005126953125
2007-01-03,23.739999771118164,23.299999237060547,23.530000686645508,23.40999984741211,1286900.0,15.897953987121582
2007-01-04,23.280000686645508,23.09000015258789,23.25,23.200000762939453,324800.0,15.755339622497559
2007-01-05,23.079999923706055,22.739999771118164,22.959999084472656,22.770000457763672,284100.0,15.463321685791016
2007-01-08,23.059999465942383,22.75,22.8700008392334,22.979999542236328,343800.0,15.605937004089355
2007-01-09,23.31999969482422,23.1200008392334,23.270000457763672,23.219999313354492,563100.0,15.7689208984375
2007-01-10,22.989999771118164,22.6200008392334,22.780000686645508,22.950000762939453,824500.0,15.585562705993652
2007-01-11,23.530000686645508,23.059999465942383,23.079999923706055,23.450000762939453,572400.0,15.925113677978516
2007-01-12,23.6299991607666,23.350000381469727,23.360000610351562,23.579999923706055,396800.0,16.013404846191406
2007-01-16,24.1200008392334,23.889999389648438,24.0,24.059999465942383,1314600.0,16.339385986328125
2007-01-17,24.799999237060547,24.40999984741211,24.510000228881836,24.799999237060547,1337900.0,16.841917037963867
2007-01-18,24.600000381469727,24.1200008392334,24.600000381469727,24.139999389648438,514200.0,16.393707275390625
2007-01-19,24.549999237060547,24.229999542236328,24.290000915527344,24.420000076293945,251800.0,16.583852767944336
2007-01-22,24.649999618530273,24.31999969482422,24.6299991607666,24.489999771118164,490800.0,16.631399154663086
2007-01-23,24.690000534057617,24.399999618530273,24.489999771118164,24.59000015258789,340200.0,16.699302673339844
2007-01-24,25.0,24.549999237060547,24.600000381469727,24.959999084472656,647100.0,16.950578689575195
2007-01-25,24.760000228881836,24.170000076293945,24.559999465942383,24.25,795200.0,16.46840476989746
2007-01-26,24.139999389648438,23.65999984741211,23.979999542236328,24.049999237060547,967000.0,16.33258628845215
2007-01-29,24.110000610351562,23.899999618530273,24.0,24.040000915527344,320700.0,16.32579803466797
2007-01-30,23.920000076293945,23.700000762939453,23.84000015258789,23.81999969482422,453100.0,16.1763916015625
2007-01-31,24.450000762939453,23.780000686645508,23.809999465942383,24.3700008392334,604000.0,16.549901962280273
2007-02-01,24.979999542236328,24.600000381469727,24.639999389648438,24.889999389648438,761100.0,16.90303611755371
2007-02-02,25.170000076293945,24.90999984741211,25.139999389648438,25.079999923706055,612700.0,17.032068252563477
2007-02-05,24.600000381469727,24.3799991607666,24.469999313354492,24.549999237060547,441600.0,16.672142028808594
2007-02-06,25.25,25.0,25.15999984741211,25.049999237060547,412000.0,17.011695861816406
2007-02-07,24.899999618530273,24.739999771118164,24.81999969482422,24.809999465942383,495200.0,16.848718643188477
2007-02-08,24.530000686645508,24.170000076293945,24.170000076293945,24.459999084472656,473200.0,16.611019134521484
2007-02-09,25.040000915527344,24.579999923706055,24.75,24.670000076293945,440300.0,16.75363540649414
2007-02-12,24.670000076293945,24.3799991607666,24.489999771118164,24.6299991607666,528500.0,16.726472854614258
2007-02-13,24.420000076293945,23.90999984741211,24.25,24.25,1144300.0,16.46840476989746
2007-02-14,24.56999969482422,24.100000381469727,24.15999984741211,24.559999465942383,517200.0,16.678930282592773
2007-02-15,24.739999771118164,24.239999771118164,24.290000915527344,24.709999084472656,887900.0,16.780805587768555
2007-02-16,24.8700008392334,24.719999313354492,24.719999313354492,24.799999237060547,214000.0,16.841917037963867
2007-02-20,25.149999618530273,24.829999923706055,24.959999084472656,25.1200008392334,207400.0,17.05923843383789
2007-02-21,25.559999465942383,25.139999389648438,25.149999618530273,25.5,459600.0,17.31730079650879
2007-02-22,26.030000686645508,25.719999313354492,25.809999465942383,25.969999313354492,793000.0,17.636478424072266
2007-02-23,26.049999237060547,25.59000015258789,25.729999542236328,25.920000076293945,1576300.0,17.60251808166504
2007-02-26,25.719999313354492,25.520000457763672,25.68000030517578,25.559999465942383,387300.0,17.358043670654297
2007-02-27,24.489999771118164,23.540000915527344,24.420000076293945,23.739999771118164,1012900.0,16.122060775756836
2007-02-28,24.170000076293945,23.649999618530273,24.030000686645508,23.8700008392334,885300.0,16.210344314575195
2007-03-01,23.530000686645508,20.350000381469727,22.889999389648438,23.34000015258789,2338000.0,15.850412368774414
2007-03-02,23.31999969482422,22.729999542236328,23.200000762939453,22.780000686645508,445000.0,15.470120429992676
2007-03-05,22.739999771118164,22.25,22.280000686645508,22.3700008392334,466000.0,15.191682815551758
2007-03-06,23.059999465942383,22.68000030517578,22.93000030517578,22.989999771118164,221800.0,15.612724304199219
2007-03-07,23.200000762939453,22.989999771118164,23.06999969482422,22.989999771118164,218300.0,15.612724304199219
2007-03-08,23.700000762939453,23.329999923706055,23.420000076293945,23.59000015258789,446500.0,16.020200729370117
2007-03-09,23.690000534057617,23.399999618530273,23.639999389648438,23.510000228881836,136900.0,15.965871810913086
2007-03-12,23.579999923706055,23.329999923706055,23.479999542236328,23.540000915527344,94300.0,15.986245155334473
2007-03-13,23.200000762939453,22.34000015258789,23.020000457763672,22.420000076293945,229800.0,15.225643157958984
2007-03-14,22.520000457763672,21.93000030517578,22.219999313354492,22.520000457763672,370100.0,15.293548583984375
2007-03-15,22.780000686645508,22.43000030517578,22.43000030517578,22.780000686645508,177000.0,15.470120429992676
2007-03-16,23.209999084472656,22.940000534057617,22.950000762939453,22.969999313354492,369300.0,15.599149703979492
2007-03-19,23.59000015258789,23.25,23.489999771118164,23.31999969482422,325200.0,15.836836814880371
2007-03-20,23.579999923706055,23.25,23.299999237060547,23.530000686645508,161900.0,15.97944450378418
2007-03-21,24.459999084472656,23.68000030517578,23.719999313354492,24.3799991607666,223500.0,16.55669403076172
2007-03-22,24.530000686645508,24.1299991607666,24.450000762939453,24.15999984741211,190400.0,16.40729331970215
2007-03-23,24.170000076293945,23.950000762939453,24.049999237060547,24.100000381469727,128500.0,16.366546630859375
2007-03-26,24.299999237060547,23.729999542236328,24.299999237060547,24.170000076293945,179400.0,16.41407585144043
2007-03-27,23.760000228881836,23.510000228881836,23.760000228881836,23.649999618530273,234500.0,16.06094741821289
2007-03-28,22.719999313354492,21.860000610351562,22.690000534057617,22.09000015258789,4513700.0,15.001533508300781
2007-03-29,22.43000030517578,21.940000534057617,22.3700008392334,22.139999389648438,1386500.0,15.035487174987793
2007-03-30,22.170000076293945,21.950000762939453,22.15999984741211,22.100000381469727,933000.0,15.008319854736328
2007-04-02,22.350000381469727,22.030000686645508,22.31999969482422,22.229999542236328,798800.0,15.096603393554688
2007-04-03,22.709999084472656,22.350000381469727,22.420000076293945,22.600000381469727,848500.0,15.347877502441406
2007-04-04,22.850000381469727,22.459999084472656,22.459999084472656,22.770000457763672,438200.0,15.463321685791016
2007-04-05,22.809999465942383,22.639999389648438,22.739999771118164,22.75,342700.0,15.449747085571289
2007-04-09,23.030000686645508,22.799999237060547,22.899999618530273,22.93000030517578,615400.0,15.571982383728027
2007-04-10,23.260000228881836,23.010000228881836,23.18000030517578,23.15999984741211,409900.0,15.728177070617676
2007-04-11,23.09000015258789,22.8799991607666,23.040000915527344,22.899999618530273,283200.0,15.551606178283691
2007-04-12,23.06999969482422,22.799999237060547,22.899999618530273,23.030000686645508,742300.0,15.63989543914795
2007-04-13,23.360000610351562,23.1200008392334,23.209999084472656,23.360000610351562,371400.0,15.86400318145752
2007-04-16,23.93000030517578,23.649999618530273,23.649999618530273,23.84000015258789,365100.0,16.189977645874023
2007-04-17,24.110000610351562,23.93000030517578,24.049999237060547,24.020000457763672,313100.0,16.31221580505371
2007-04-18,24.06999969482422,23.829999923706055,23.850000381469727,23.950000762939453,164700.0,16.26467514038086
2007-04-19,23.760000228881836,23.399999618530273,23.479999542236328,23.68000030517578,167200.0,16.081321716308594
2007-04-20,24.040000915527344,23.8700008392334,23.950000762939453,23.93000030517578,275600.0,16.2510986328125
2007-04-23,23.790000915527344,23.489999771118164,23.649999618530273,23.520000457763672,437800.0,15.972657203674316
2007-04-24,23.5,22.93000030517578,23.440000534057617,23.059999465942383,397600.0,15.660265922546387
2007-04-25,23.350000381469727,23.059999465942383,23.209999084472656,23.309999465942383,462600.0,15.974129676818848
2007-04-26,24.239999771118164,23.709999084472656,23.829999923706055,23.950000762939453,707000.0,16.412721633911133
2007-04-27,23.850000381469727,23.5,23.770000457763672,23.65999984741211,511200.0,16.213987350463867
2007-04-30,23.780000686645508,23.600000381469727,23.729999542236328,23.709999084472656,514300.0,16.248249053955078
2007-05-01,23.8799991607666,23.489999771118164,23.850000381469727,23.809999465942383,729900.0,16.316774368286133
2007-05-02,24.0,23.719999313354492,23.729999542236328,23.969999313354492,654900.0,16.42642593383789
2007-05-03,24.56999969482422,24.100000381469727,24.190000534057617,24.56999969482422,695700.0,16.837596893310547
2007-05-04,25.579999923706055,25.100000381469727,25.229999542236328,25.350000381469727,1121800.0,17.372121810913086
2007-05-07,25.469999313354492,25.110000610351562,25.280000686645508,25.31999969482422,190200.0,17.3515682220459
2007-05-08,25.100000381469727,24.799999237060547,24.93000030517578,25.100000381469727,322800.0,17.200801849365234
2007-05-09,25.020000457763672,24.6299991607666,24.670000076293945,24.959999084472656,713200.0,17.1048583984375
2007-05-10,24.829999923706055,24.389999389648438,24.549999237060547,24.420000076293945,447900.0,16.73480796813965
2007-05-11,24.690000534057617,24.299999237060547,24.299999237060547,24.68000030517578,230400.0,16.912979125976562
2007-05-14,24.520000457763672,24.09000015258789,24.459999084472656,24.3700008392334,437900.0,16.700538635253906
2007-05-15,24.770000457763672,24.389999389648438,24.440000534057617,24.530000686645508,429400.0,16.8101863861084
2007-05-16,24.549999237060547,24.209999084472656,24.5,24.540000915527344,528500.0,16.81704330444336
2007-05-17,24.469999313354492,24.299999237060547,24.350000381469727,24.399999618530273,608400.0,16.721097946166992
2007-05-18,24.68000030517578,24.389999389648438,24.420000076293945,24.68000030517578,555800.0,16.912979125976562
2007-05-21,24.479999542236328,24.260000228881836,24.270000457763672,24.360000610351562,787900.0,16.693687438964844
2007-05-22,24.25,24.0,24.200000762939453,24.209999084472656,742600.0,16.590892791748047
2007-05-23,24.459999084472656,24.15999984741211,24.239999771118164,24.280000686645508,1266100.0,16.63886070251465
2007-05-24,24.25,23.639999389648438,24.25,23.850000381469727,486000.0,16.34418487548828
2007-05-25,24.0,23.579999923706055,23.709999084472656,23.719999313354492,552100.0,16.255098342895508
2007-05-29,23.93000030517578,23.3700008392334,23.8700008392334,23.6200008392334,566200.0,16.186574935913086
2007-05-30,23.739999771118164,23.110000610351562,23.170000076293945,23.739999771118164,502900.0,16.268800735473633
2007-05-31,24.049999237060547,23.84000015258789,23.959999084472656,24.049999237060547,595000.0,16.481245040893555
2007-06-01,24.6299991607666,24.059999465942383,24.219999313354492,24.56999969482422,503600.0,16.837596893310547
2007-06-04,24.520000457763672,24.31999969482422,24.399999618530273,24.469999313354492,189600.0,16.769071578979492
2007-06-05,24.329999923706055,24.030000686645508,24.329999923706055,24.170000076293945,382500.0,16.56348419189453
2007-06-06,24.030000686645508,23.510000228881836,24.030000686645508,23.59000015258789,316500.0,16.166011810302734
2007-06-07,23.530000686645508,22.989999771118164,23.3799991607666,23.020000457763672,470200.0,15.775394439697266
2007-06-08,23.31999969482422,22.540000915527344,22.579999923706055,23.309999465942383,433900.0,15.974129676818848
2007-06-11,23.520000457763672,23.18000030517578,23.239999771118164,23.420000076293945,123600.0,16.049514770507812
2007-06-12,23.489999771118164,23.1200008392334,23.200000762939453,23.15999984741211,312900.0,15.871337890625
2007-06-13,23.700000762939453,23.309999465942383,23.40999984741211,23.670000076293945,257300.0,16.22083282470703
2007-06-14,24.299999237060547,23.799999237060547,23.81999969482422,24.170000076293945,944600.0,16.56348419189453
2007-06-15,24.920000076293945,24.540000915527344,24.709999084472656,24.65999984741211,808200.0,16.8992862701416
2007-06-18,24.59000015258789,24.31999969482422,24.5,24.479999542236328,141400.0,16.775922775268555
2007-06-19,24.68000030517578,24.40999984741211,24.43000030517578,24.6200008392334,150000.0,16.871858596801758
2007-06-20,25.56999969482422,25.239999771118164,25.489999771118164,25.399999618530273,1970000.0,17.406387329101562
2007-06-21,26.200000762939453,25.290000915527344,25.34000015258789,26.040000915527344,2484400.0,17.84497833251953
2007-06-22,26.18000030517578,25.93000030517578,25.979999542236328,26.030000686645508,1583200.0,17.83812713623047
2007-06-25,26.299999237060547,25.8700008392334,26.110000610351562,26.020000457763672,1161500.0,17.831274032592773
2007-06-26,26.420000076293945,26.0,26.219999313354492,26.100000381469727,1214100.0,17.886096954345703
2007-06-27,26.520000457763672,25.479999542236328,25.559999465942383,26.299999237060547,1241600.0,18.023143768310547
2007-06-28,26.399999618530273,25.829999923706055,25.850000381469727,26.200000762939453,881300.0,17.954620361328125
2007-06-29,26.200000762939453,25.68000030517578,26.0,25.850000381469727,559800.0,17.71476936340332
2007-07-02,26.610000610351562,26.010000228881836,26.010000228881836,26.399999618530273,912700.0,18.091678619384766
2007-07-03,27.139999389648438,26.790000915527344,26.790000915527344,27.1200008392334,622800.0,18.585086822509766
2007-07-05,26.90999984741211,26.639999389648438,26.84000015258789,26.700000762939453,269500.0,18.29726791381836
2007-07-06,26.709999084472656,26.25,26.31999969482422,26.600000381469727,259900.0,18.228740692138672
2007-07-09,26.389999389648438,26.15999984741211,26.299999237060547,26.280000686645508,250700.0,18.009449005126953
2007-07-10,26.149999618530273,25.809999465942383,26.1299991607666,25.8700008392334,646800.0,17.728469848632812
2007-07-11,26.200000762939453,25.790000915527344,26.100000381469727,26.139999389648438,305900.0,17.913497924804688
2007-07-12,26.93000030517578,26.209999084472656,26.239999771118164,26.920000076293945,581800.0,18.44803237915039
2007-07-13,27.260000228881836,27.020000457763672,27.049999237060547,27.18000030517578,866000.0,18.626203536987305
2007-07-16,27.239999771118164,27.010000228881836,27.139999389648438,27.1299991607666,1127300.0,18.59194564819336
2007-07-17,26.90999984741211,26.649999618530273,26.729999542236328,26.829999923706055,381200.0,18.386356353759766
2007-07-18,26.799999237060547,26.31999969482422,26.56999969482422,26.790000915527344,1145400.0,18.35894203186035
2007-07-19,27.0,26.739999771118164,26.860000610351562,26.93000030517578,266500.0,18.454877853393555
2007-07-20,26.8700008392334,26.6200008392334,26.8700008392334,26.75,751800.0,18.331531524658203
2007-07-23,26.899999618530273,26.540000915527344,26.700000762939453,26.540000915527344,259500.0,18.1876220703125
2007-07-24,26.520000457763672,25.850000381469727,26.520000457763672,25.899999618530273,374800.0,17.74903106689453
2007-07-25,26.309999465942383,25.719999313354492,26.309999465942383,26.0,536400.0,17.817564010620117
2007-07-26,25.3799991607666,24.34000015258789,25.0,24.799999237060547,993100.0,16.995210647583008
2007-07-27,24.809999465942383,24.299999237060547,24.440000534057617,24.43000030517578,349200.0,16.74165916442871
2007-07-30,24.760000228881836,24.350000381469727,24.520000457763672,24.700000762939453,312700.0,16.926685333251953
2007-07-31,25.549999237060547,25.110000610351562,25.459999084472656,25.190000534057617,781400.0,17.262475967407227
2007-08-01,25.049999237060547,24.31999969482422,24.81999969482422,24.920000076293945,967000.0,17.077449798583984
2007-08-02,25.549999237060547,25.190000534057617,25.200000762939453,25.43000030517578,1874600.0,17.42695426940918
2007-08-03,25.280000686645508,24.469999313354492,25.190000534057617,24.479999542236328,782800.0,16.775922775268555
2007-08-06,24.729999542236328,23.850000381469727,24.0,24.719999313354492,629900.0,16.940387725830078
2007-08-07,24.829999923706055,24.1200008392334,24.15999984741211,24.809999465942383,802200.0,17.002065658569336
2007-08-08,26.030000686645508,24.90999984741211,24.940000534057617,25.729999542236328,2092500.0,17.63253402709961
2007-08-09,25.719999313354492,24.139999389648438,24.25,25.170000076293945,1914400.0,17.24876594543457
2007-08-10,24.920000076293945,23.799999237060547,24.18000030517578,24.559999465942383,816000.0,16.830745697021484
2007-08-13,24.979999542236328,24.3799991607666,24.579999923706055,24.6200008392334,1215500.0,16.871858596801758
2007-08-14,24.850000381469727,23.600000381469727,24.81999969482422,23.6299991607666,767000.0,16.193424224853516
2007-08-15,23.760000228881836,22.75,22.860000610351562,22.790000915527344,903800.0,15.617782592773438
2007-08-16,22.920000076293945,21.09000015258789,22.540000915527344,22.670000076293945,1092100.0,15.53554630279541
2007-08-17,24.139999389648438,22.809999465942383,23.270000457763672,22.920000076293945,1755700.0,15.706869125366211
2007-08-20,23.65999984741211,22.93000030517578,23.600000381469727,23.209999084472656,906200.0,15.905608177185059
2007-08-21,23.3700008392334,22.799999237060547,22.850000381469727,23.31999969482422,934400.0,15.980987548828125
2007-08-22,24.360000610351562,23.8700008392334,24.100000381469727,24.299999237060547,1037300.0,16.652576446533203
2007-08-23,24.610000610351562,24.239999771118164,24.530000686645508,24.440000534057617,1022800.0,16.748512268066406
2007-08-24,24.579999923706055,23.1299991607666,24.270000457763672,24.43000030517578,1179400.0,16.74165916442871
2007-08-27,25.260000228881836,24.229999542236328,24.43000030517578,25.020000457763672,928300.0,17.145978927612305
2007-08-28,24.06999969482422,23.290000915527344,24.06999969482422,23.31999969482422,895500.0,15.980987548828125
2007-08-29,24.709999084472656,23.93000030517578,24.059999465942383,24.469999313354492,745500.0,16.769071578979492
2007-08-30,24.43000030517578,23.649999618530273,23.649999618530273,24.3799991607666,996200.0,16.7073917388916
2007-08-31,24.829999923706055,24.270000457763672,24.56999969482422,24.690000534057617,268400.0,16.91983413696289
2007-09-04,25.309999465942383,24.690000534057617,24.790000915527344,25.18000030517578,495900.0,17.255632400512695
2007-09-05,24.65999984741211,24.280000686645508,24.520000457763672,24.549999237060547,816100.0,16.82390022277832
2007-09-06,24.6200008392334,24.110000610351562,24.34000015258789,24.6200008392334,306300.0,16.871858596801758
2007-09-07,23.989999771118164,23.56999969482422,23.709999084472656,23.760000228881836,413400.0,16.282512664794922
2007-09-10,23.31999969482422,22.649999618530273,23.219999313354492,23.100000381469727,565600.0,15.830219268798828
2007-09-11,23.81999969482422,23.399999618530273,23.399999618530273,23.780000686645508,497200.0,16.296218872070312
2007-09-12,23.84000015258789,23.579999923706055,23.6299991607666,23.65999984741211,398400.0,16.213987350463867
2007-09-13,24.459999084472656,23.959999084472656,23.989999771118164,24.239999771118164,451200.0,16.611454010009766
2007-09-14,23.65999984741211,23.25,23.3700008392334,23.6299991607666,477200.0,16.193424224853516
2007-09-17,23.219999313354492,22.889999389648438,23.15999984741211,23.079999923706055,339200.0,15.816510200500488
2007-09-18,24.770000457763672,23.399999618530273,23.65999984741211,24.760000228881836,631700.0,16.96780014038086
2007-09-19,25.809999465942383,25.139999389648438,25.219999313354492,25.700000762939453,1079300.0,17.729412078857422
2007-09-20,25.510000228881836,25.06999969482422,25.440000534057617,25.1200008392334,280500.0,17.329288482666016
2007-09-21,25.8700008392334,25.25,25.260000228881836,25.8700008392334,353100.0,17.846681594848633
2007-09-24,25.950000762939453,25.59000015258789,25.8799991607666,25.799999237060547,565000.0,17.79839515686035
2007-09-25,27.65999984741211,25.229999542236328,25.260000228881836,27.15999984741211,2394800.0,18.736608505249023
2007-09-26,27.18000030517578,26.770000457763672,26.93000030517578,27.049999237060547,584100.0,18.66071891784668
2007-09-27,27.450000762939453,26.770000457763672,26.90999984741211,27.3700008392334,1499300.0,18.8814754486084
2007-09-28,27.360000610351562,26.8700008392334,27.049999237060547,27.299999237060547,800100.0,18.83318519592285
2007-10-01,27.809999465942383,27.239999771118164,27.31999969482422,27.75,651100.0,19.14362144470215
2007-10-02,28.200000762939453,27.899999618530273,27.959999084472656,28.149999618530273,1248900.0,19.419565200805664
2007-10-03,28.270000457763672,27.969999313354492,28.18000030517578,28.040000915527344,763600.0,19.34368324279785
2007-10-04,28.40999984741211,28.0,28.399999618530273,28.260000228881836,453700.0,19.495452880859375
2007-10-05,29.049999237060547,28.329999923706055,28.329999923706055,28.889999389648438,698900.0,19.930065155029297
2007-10-08,28.93000030517578,28.559999465942383,28.709999084472656,28.729999542236328,541100.0,19.819683074951172
2007-10-09,29.59000015258789,28.719999313354492,28.799999237060547,29.59000015258789,1835000.0,20.412965774536133
2007-10-10,29.969999313354492,29.450000762939453,29.829999923706055,29.969999313354492,1418400.0,20.67510986328125
2007-10-11,30.270000457763672,29.479999542236328,29.889999389648438,29.6200008392334,413000.0,20.43366241455078
2007-10-12,29.649999618530273,29.229999542236328,29.3700008392334,29.6200008392334,282600.0,20.43366241455078
2007-10-15,29.360000610351562,28.889999389648438,29.34000015258789,29.15999984741211,376700.0,20.116323471069336
2007-10-16,28.68000030517578,28.1200008392334,28.600000381469727,28.399999618530273,1201300.0,19.59202766418457
2007-10-17,29.229999542236328,28.709999084472656,29.139999389648438,29.1299991607666,315400.0,20.09562873840332
2007-10-18,28.959999084472656,28.510000228881836,28.809999465942383,28.84000015258789,415100.0,19.89556884765625
2007-10-19,28.600000381469727,27.670000076293945,28.530000686645508,27.719999313354492,646400.0,19.122922897338867
2007-10-22,28.020000457763672,27.100000381469727,27.1200008392334,27.899999618530273,561100.0,19.247098922729492
2007-10-23,28.860000610351562,28.219999313354492,28.56999969482422,28.860000610351562,765900.0,19.909364700317383
2007-10-24,29.190000534057617,28.299999237060547,29.1299991607666,29.15999984741211,611300.0,20.116323471069336
2007-10-25,29.299999237060547,28.729999542236328,29.239999771118164,29.079999923706055,515600.0,20.06113624572754
2007-10-26,29.739999771118164,29.170000076293945,29.3799991607666,29.579999923706055,604900.0,20.406068801879883
2007-10-29,29.90999984741211,29.389999389648438,29.850000381469727,29.68000030517578,346500.0,20.475053787231445
2007-10-30,30.229999542236328,29.989999771118164,30.1200008392334,30.059999465942383,497800.0,20.737199783325195
2007-10-31,30.860000610351562,30.270000457763672,30.399999618530273,30.65999984741211,1201100.0,21.151113510131836
2007-11-01,30.299999237060547,29.329999923706055,30.299999237060547,29.489999771118164,601300.0,20.343984603881836
2007-11-02,29.43000030517578,28.850000381469727,29.1299991607666,29.290000915527344,693900.0,20.206008911132812
2007-11-05,29.049999237060547,28.520000457763672,28.530000686645508,29.020000457763672,520000.0,20.019744873046875
2007-11-06,29.600000381469727,28.549999237060547,28.549999237060547,29.40999984741211,767900.0,20.288787841796875
2007-11-07,29.149999618530273,28.18000030517578,29.079999923706055,28.34000015258789,703100.0,19.55063819885254
2007-11-08,28.110000610351562,27.270000457763672,27.399999618530273,27.790000915527344,1701400.0,19.171213150024414
2007-11-09,27.34000015258789,26.1200008392334,26.6200008392334,27.049999237060547,1808300.0,18.66071891784668
2007-11-12,27.280000686645508,26.40999984741211,26.670000076293945,26.700000762939453,1463000.0,18.41927146911621
2007-11-13,28.049999237060547,27.3700008392334,27.3700008392334,28.020000457763672,1203600.0,19.32988166809082
2007-11-14,28.290000915527344,27.690000534057617,28.059999465942383,27.940000534057617,1128100.0,19.274694442749023
2007-11-15,26.860000610351562,26.06999969482422,26.56999969482422,26.440000534057617,1381300.0,18.239900588989258
2007-11-16,26.84000015258789,26.239999771118164,26.75,26.649999618530273,1303300.0,18.38477325439453
2007-11-19,26.06999969482422,25.65999984741211,25.989999771118164,25.860000610351562,998300.0,17.83978271484375
2007-11-20,26.25,25.610000610351562,25.950000762939453,26.030000686645508,1029700.0,17.957063674926758
2007-11-21,25.59000015258789,24.989999771118164,25.1299991607666,25.270000457763672,1316800.0,17.432769775390625
2007-11-23,26.1200008392334,25.709999084472656,25.75,26.079999923706055,236000.0,17.991554260253906
2007-11-26,26.399999618530273,25.350000381469727,26.350000381469727,25.43000030517578,456600.0,17.54314613342285
2007-11-27,25.360000610351562,24.899999618530273,25.06999969482422,25.31999969482422,3094600.0,17.467267990112305
2007-11-28,26.6299991607666,25.700000762939453,25.700000762939453,26.579999923706055,1359400.0,18.336484909057617
2007-11-29,26.940000534057617,26.3700008392334,26.6299991607666,26.81999969482422,2078600.0,18.50204849243164
2007-11-30,26.790000915527344,25.81999969482422,26.020000457763672,26.25,7534800.0,18.10883331298828
2007-12-03,27.450000762939453,25.1200008392334,25.309999465942383,27.229999542236328,35892500.0,18.784896850585938
2007-12-04,28.329999923706055,26.610000610351562,27.030000686645508,27.5,9816700.0,18.971155166625977
2007-12-05,28.450000762939453,27.229999542236328,27.950000762939453,27.729999542236328,8065400.0,19.12982940673828
2007-12-06,27.799999237060547,27.299999237060547,27.549999237060547,27.579999923706055,6018500.0,19.026342391967773
2007-12-07,28.389999389648438,27.489999771118164,27.5,28.1200008392334,9174000.0,19.398866653442383
2007-12-10,29.110000610351562,27.389999389648438,27.600000381469727,28.079999923706055,6107800.0,19.371274948120117
2007-12-11,28.530000686645508,27.600000381469727,27.690000534057617,27.850000381469727,7929400.0,19.212604522705078
2007-12-12,28.5,27.0,28.270000457763672,27.25,7064900.0,18.798690795898438
2007-12-13,27.68000030517578,26.989999771118164,27.079999923706055,27.360000610351562,4774500.0,18.874574661254883
2007-12-14,28.579999923706055,26.100000381469727,26.100000381469727,28.270000457763672,6708800.0,19.502349853515625
2007-12-17,28.950000762939453,27.459999084472656,27.950000762939453,28.5,7474000.0,19.661020278930664
2007-12-18,29.90999984741211,28.190000534057617,29.0,28.8700008392334,5299500.0,19.916271209716797
2007-12-19,30.6200008392334,27.670000076293945,28.899999618530273,29.299999237060547,5960000.0,20.212900161743164
2007-12-20,29.84000015258789,28.709999084472656,28.709999084472656,29.399999618530273,3699100.0,20.28189468383789
2007-12-21,32.0,29.25,30.170000076293945,32.0,10763300.0,22.075525283813477
2007-12-24,31.75,30.850000381469727,31.729999542236328,31.43000030517578,1755300.0,21.682310104370117
2007-12-26,32.08000183105469,31.34000015258789,31.450000762939453,31.889999389648438,2299900.0,21.999643325805664
2007-12-27,32.25,31.239999771118164,31.25,31.350000381469727,2344600.0,21.627119064331055
2007-12-28,31.5,29.829999923706055,31.31999969482422,31.1299991607666,1507100.0,21.475351333618164
2007-12-31,31.670000076293945,30.510000228881836,30.700000762939453,31.3799991607666,1038600.0,21.647811889648438
2008-01-02,31.399999618530273,30.3700008392334,30.700000762939453,30.399999618530273,2560200.0,20.971752166748047
2008-01-03,31.170000076293945,30.18000030517578,30.18000030517578,30.65999984741211,3549000.0,21.151113510131836
2008-01-04,30.700000762939453,28.489999771118164,30.43000030517578,28.8799991607666,5337100.0,19.923160552978516
2008-01-07,29.020000457763672,27.790000915527344,28.549999237060547,28.739999771118164,3666200.0,19.826587677001953
2008-01-08,29.280000686645508,26.649999618530273,29.020000457763672,26.950000762939453,6396700.0,18.59172821044922
2008-01-09,27.040000915527344,25.31999969482422,25.399999618530273,26.8700008392334,5074700.0,18.536542892456055
2008-01-10,28.350000381469727,26.40999984741211,26.489999771118164,27.84000015258789,3889000.0,19.20570182800293
2008-01-11,27.920000076293945,26.8799991607666,27.899999618530273,27.420000076293945,1940800.0,18.915969848632812
2008-01-14,27.989999771118164,27.010000228881836,27.100000381469727,27.770000457763672,1273700.0,19.157421112060547
2008-01-15,27.469999313354492,26.010000228881836,27.469999313354492,26.290000915527344,3032300.0,18.136430740356445
2008-01-16,26.649999618530273,24.950000762939453,26.100000381469727,26.209999084472656,5126100.0,18.081235885620117
2008-01-17,26.579999923706055,25.149999618530273,26.459999084472656,25.299999237060547,2606400.0,17.453468322753906
2008-01-18,25.450000762939453,24.139999389648438,25.260000228881836,24.979999542236328,5046400.0,17.232707977294922
2008-01-22,25.0,22.950000762939453,24.3700008392334,24.459999084472656,5837400.0,16.873981475830078
2008-01-23,24.90999984741211,23.399999618530273,23.399999618530273,24.760000228881836,4154200.0,17.0809383392334
2008-01-24,26.889999389648438,24.600000381469727,25.0,26.010000228881836,4661000.0,17.943267822265625
2008-01-25,27.18000030517578,25.860000610351562,26.6299991607666,25.950000762939453,2823200.0,17.901870727539062
2008-01-28,26.65999984741211,25.34000015258789,25.780000686645508,26.600000381469727,2170600.0,18.350282669067383
2008-01-29,27.100000381469727,26.299999237060547,26.5,26.969999313354492,2799000.0,18.605525970458984
2008-01-30,27.190000534057617,26.049999237060547,26.940000534057617,26.3700008392334,2199200.0,18.191621780395508
2008-01-31,27.450000762939453,25.100000381469727,27.0,27.219999313354492,3304600.0,18.777990341186523
2008-02-01,28.360000610351562,27.149999618530273,27.6200008392334,28.329999923706055,3428200.0,19.543743133544922
2008-02-04,28.559999465942383,26.979999542236328,28.559999465942383,27.510000228881836,3080400.0,18.97805404663086
2008-02-05,28.31999969482422,26.479999542236328,27.93000030517578,26.979999542236328,3556100.0,18.612430572509766
2008-02-06,27.459999084472656,26.350000381469727,27.40999984741211,26.56999969482422,4292700.0,18.329586029052734
2008-02-07,26.729999542236328,25.790000915527344,26.5,26.280000686645508,3110000.0,18.129526138305664
2008-02-08,26.15999984741211,25.360000610351562,25.850000381469727,25.639999389648438,3057100.0,17.688016891479492
2008-02-11,25.84000015258789,24.860000610351562,25.84000015258789,25.209999084472656,2839300.0,17.391376495361328
2008-02-12,25.6200008392334,25.0,25.040000915527344,25.450000762939453,3745700.0,17.556941986083984
2008-02-13,26.389999389648438,25.389999389648438,25.899999618530273,25.600000381469727,3036900.0,17.66042709350586
2008-02-14,25.299999237060547,24.709999084472656,24.850000381469727,24.84000015258789,2347500.0,17.136127471923828
2008-02-15,25.260000228881836,24.639999389648438,24.639999389648438,25.15999984741211,1026700.0,17.356884002685547
2008-02-19,25.3799991607666,24.93000030517578,25.209999084472656,25.059999465942383,1204000.0,17.287900924682617
2008-02-20,25.649999618530273,24.350000381469727,24.399999618530273,25.559999465942383,2078400.0,17.632829666137695
2008-02-21,26.360000610351562,25.450000762939453,25.510000228881836,25.760000228881836,3214400.0,17.770797729492188
2008-02-22,25.799999237060547,25.170000076293945,25.799999237060547,25.700000762939453,3279600.0,17.729412078857422
2008-02-25,26.329999923706055,25.260000228881836,25.31999969482422,26.200000762939453,2176400.0,18.0743350982666
2008-02-26,27.700000762939453,26.15999984741211,26.229999542236328,27.06999969482422,2860200.0,18.674510955810547
2008-02-27,27.34000015258789,26.549999237060547,26.549999237060547,27.200000762939453,1073100.0,18.764202117919922
2008-02-28,27.31999969482422,26.420000076293945,27.110000610351562,27.010000228881836,1384800.0,18.63312530517578
2008-02-29,26.540000915527344,25.450000762939453,26.350000381469727,25.610000610351562,1771700.0,17.667322158813477
2008-03-03,25.90999984741211,24.09000015258789,25.860000610351562,24.510000228881836,2618400.0,16.908470153808594
2008-03-04,24.989999771118164,22.75,22.75,24.290000915527344,2704000.0,16.7567081451416
2008-03-05,24.670000076293945,23.610000610351562,24.299999237060547,24.329999923706055,2089300.0,16.784303665161133
2008-03-06,24.389999389648438,22.6299991607666,24.200000762939453,22.760000228881836,2650500.0,15.701218605041504
2008-03-07,23.010000228881836,21.889999389648438,22.209999084472656,22.309999465942383,5204800.0,15.390775680541992
2008-03-10,22.459999084472656,20.959999084472656,22.100000381469727,21.43000030517578,3445000.0,14.783705711364746
2008-03-11,23.100000381469727,21.670000076293945,22.0,22.690000534057617,4553500.0,15.652922630310059
2008-03-12,23.530000686645508,22.549999237060547,22.899999618530273,22.920000076293945,2565900.0,15.811598777770996
2008-03-13,23.139999389648438,21.84000015258789,22.0,22.940000534057617,3000300.0,15.825386047363281
2008-03-14,23.059999465942383,21.93000030517578,22.899999618530273,22.1299991607666,2136900.0,15.266608238220215
2008-03-17,21.5,19.780000686645508,21.440000534057617,21.5,4418900.0,14.83199405670166
2008-03-18,23.100000381469727,21.649999618530273,21.84000015258789,22.81999969482422,4353200.0,15.905367851257324
2008-03-19,23.270000457763672,22.520000457763672,22.950000762939453,22.610000610351562,3535300.0,15.758994102478027
2008-03-20,24.670000076293945,22.170000076293945,22.739999771118164,24.549999237060547,4907200.0,17.111162185668945
2008-03-24,25.899999618530273,24.290000915527344,24.790000915527344,24.5,2837400.0,17.076311111450195
2008-03-25,25.299999237060547,24.219999313354492,24.600000381469727,25.010000228881836,2399500.0,17.43178367614746
2008-03-26,25.010000228881836,24.239999771118164,24.899999618530273,24.700000762939453,2399900.0,17.21570587158203
2008-03-27,24.959999084472656,23.979999542236328,24.959999084472656,23.979999542236328,1235100.0,16.713876724243164
2008-03-28,24.639999389648438,23.530000686645508,24.299999237060547,23.719999313354492,1437400.0,16.53265953063965
2008-03-31,24.399999618530273,23.56999969482422,23.959999084472656,24.360000610351562,1787100.0,16.978734970092773
2008-04-01,26.09000015258789,24.719999313354492,24.75,26.09000015258789,2504100.0,18.184526443481445
2008-04-02,26.549999237060547,25.06999969482422,26.309999465942383,25.420000076293945,1331500.0,17.717548370361328
2008-04-03,26.420000076293945,24.940000534057617,25.469999313354492,25.829999923706055,1732900.0,18.003307342529297
2008-04-04,25.829999923706055,24.579999923706055,25.690000534057617,25.34000015258789,2254300.0,17.66178321838379
2008-04-07,25.559999465942383,24.670000076293945,25.260000228881836,24.84000015258789,1678600.0,17.31328773498535
2008-04-08,25.200000762939453,24.520000457763672,24.639999389648438,24.520000457763672,1084000.0,17.090253829956055
2008-04-09,24.049999237060547,22.989999771118164,24.049999237060547,23.219999313354492,4785100.0,16.184162139892578
2008-04-10,23.56999969482422,22.75,23.059999465942383,23.0,2759100.0,16.03082275390625
2008-04-11,22.93000030517578,22.479999542236328,22.639999389648438,22.489999771118164,1369300.0,15.675349235534668
2008-04-14,22.760000228881836,22.15999984741211,22.649999618530273,22.309999465942383,2580900.0,15.549896240234375
2008-04-15,23.3700008392334,22.229999542236328,22.25,23.139999389648438,2240700.0,16.128400802612305
2008-04-16,23.520000457763672,23.15999984741211,23.200000762939453,23.489999771118164,1856400.0,16.37234878540039
2008-04-17,23.729999542236328,23.100000381469727,23.389999389648438,23.479999542236328,892800.0,16.365375518798828
2008-04-18,24.209999084472656,23.459999084472656,24.020000457763672,23.969999313354492,1900000.0,16.706907272338867
2008-04-21,24.049999237060547,23.479999542236328,23.940000534057617,23.639999389648438,1251400.0,16.476903915405273
2008-04-22,23.5,22.690000534057617,23.399999618530273,23.079999923706055,2315400.0,16.08658218383789
2008-04-23,23.209999084472656,22.190000534057617,23.020000457763672,22.479999542236328,1876800.0,15.668387413024902
2008-04-24,24.75,22.200000762939453,23.0,24.200000762939453,3522200.0,16.867212295532227
2008-04-25,24.639999389648438,23.809999465942383,24.40999984741211,24.479999542236328,2065000.0,17.06237030029297
2008-04-28,26.229999542236328,24.540000915527344,24.709999084472656,25.829999923706055,2187100.0,18.003307342529297
2008-04-29,25.790000915527344,24.8799991607666,25.649999618530273,25.790000915527344,1694500.0,17.975435256958008
2008-04-30,25.989999771118164,25.31999969482422,25.8799991607666,25.649999618530273,1612100.0,17.877853393554688
2008-05-01,27.18000030517578,25.600000381469727,25.600000381469727,26.899999618530273,1931600.0,18.749088287353516
2008-05-02,27.889999389648438,26.899999618530273,27.049999237060547,27.770000457763672,2413600.0,19.35547637939453
2008-05-05,27.979999542236328,27.270000457763672,27.65999984741211,27.700000762939453,1930200.0,19.306692123413086
2008-05-06,28.079999923706055,26.940000534057617,27.34000015258789,28.059999465942383,1813600.0,19.557607650756836
2008-05-07,28.149999618530273,27.479999542236328,27.6200008392334,27.579999923706055,3270800.0,19.223045349121094
2008-05-08,27.780000686645508,26.940000534057617,27.360000610351562,27.420000076293945,2569300.0,19.111528396606445
2008-05-09,27.68000030517578,26.81999969482422,26.950000762939453,27.5,2365400.0,19.167285919189453
2008-05-12,28.459999084472656,27.579999923706055,27.739999771118164,28.0,1577600.0,19.51578712463379
2008-05-13,28.459999084472656,27.709999084472656,28.0,28.350000381469727,2139700.0,19.75973129272461
2008-05-14,29.0,28.290000915527344,28.770000457763672,28.299999237060547,2830700.0,19.72488021850586
2008-05-15,28.670000076293945,27.979999542236328,28.1200008392334,28.540000915527344,1921800.0,19.89215850830078
2008-05-16,28.829999923706055,28.149999618530273,28.5,28.65999984741211,1168400.0,19.97579574584961
2008-05-19,28.81999969482422,27.959999084472656,28.25,28.139999389648438,2527200.0,19.68204116821289
2008-05-20,28.06999969482422,27.149999618530273,27.579999923706055,27.420000076293945,2436500.0,19.17844581604004
2008-05-21,27.6200008392334,26.760000228881836,27.610000610351562,26.850000381469727,2415400.0,18.779766082763672
2008-05-22,27.530000686645508,26.649999618530273,26.75,27.239999771118164,1374200.0,19.05254364013672
2008-05-23,27.280000686645508,26.6200008392334,27.1200008392334,27.209999084472656,1694300.0,19.031564712524414
2008-05-27,27.1200008392334,26.399999618530273,27.0,26.780000686645508,2237000.0,18.730802536010742
2008-05-28,27.31999969482422,26.850000381469727,27.190000534057617,27.25,1671400.0,19.059539794921875
2008-05-29,28.079999923706055,26.829999923706055,27.020000457763672,27.959999084472656,1877300.0,19.556140899658203
2008-05-30,28.0,27.43000030517578,28.0,27.829999923706055,2063000.0,19.465213775634766
2008-06-02,28.0,27.299999237060547,27.81999969482422,27.600000381469727,1201300.0,19.30434226989746
2008-06-03,28.030000686645508,27.540000915527344,27.760000228881836,27.65999984741211,1767900.0,19.34630584716797
2008-06-04,27.899999618530273,27.360000610351562,27.5,27.729999542236328,1540000.0,19.3952693939209
2008-06-05,28.84000015258789,27.709999084472656,27.969999313354492,28.799999237060547,1779100.0,20.143657684326172
2008-06-06,28.889999389648438,27.09000015258789,28.440000534057617,27.31999969482422,2920600.0,19.108497619628906
2008-06-09,28.010000228881836,26.84000015258789,27.65999984741211,26.950000762939453,2701900.0,18.849712371826172
2008-06-10,27.440000534057617,26.3700008392334,26.5,27.149999618530273,2129900.0,18.989599227905273
2008-06-11,27.559999465942383,25.799999237060547,27.06999969482422,25.809999465942383,2732000.0,18.052356719970703
2008-06-12,27.100000381469727,26.09000015258789,26.110000610351562,26.860000610351562,4838300.0,18.786766052246094
2008-06-13,27.59000015258789,26.829999923706055,27.0,27.56999969482422,1706500.0,19.283357620239258
2008-06-16,27.989999771118164,26.799999237060547,27.989999771118164,27.450000762939453,2111300.0,19.19942855834961
2008-06-17,27.81999969482422,26.549999237060547,27.81999969482422,26.65999984741211,2076200.0,18.646873474121094
2008-06-18,26.479999542236328,25.729999542236328,25.799999237060547,26.020000457763672,2766800.0,18.199241638183594
2008-06-19,26.510000228881836,25.780000686645508,25.8700008392334,26.420000076293945,2293200.0,18.479015350341797
2008-06-20,26.290000915527344,25.75,25.950000762939453,26.020000457763672,2282900.0,18.199241638183594
2008-06-23,26.260000228881836,25.670000076293945,25.829999923706055,25.989999771118164,2051900.0,18.17825698852539
2008-06-24,26.079999923706055,25.270000457763672,25.989999771118164,25.540000915527344,2156700.0,17.863513946533203
2008-06-25,26.25,25.3700008392334,25.81999969482422,25.6299991607666,1752900.0,17.926462173461914
2008-06-26,25.299999237060547,24.3799991607666,24.3799991607666,25.200000762939453,3104600.0,17.62570571899414
2008-06-27,25.43000030517578,24.09000015258789,25.34000015258789,24.43000030517578,2918900.0,17.08713722229004
2008-06-30,24.510000228881836,23.860000610351562,24.200000762939453,23.979999542236328,3278000.0,16.772397994995117
2008-07-01,23.8799991607666,22.579999923706055,23.510000228881836,23.459999084472656,4300500.0,16.408689498901367
2008-07-02,23.93000030517578,23.209999084472656,23.809999465942383,23.6200008392334,3240500.0,16.520605087280273
2008-07-03,24.649999618530273,23.329999923706055,24.6200008392334,23.559999465942383,2289900.0,16.4786319732666
2008-07-07,23.93000030517578,22.5,23.459999084472656,22.75,2779900.0,15.912094116210938
2008-07-08,24.079999923706055,22.200000762939453,23.049999237060547,23.649999618530273,4082500.0,16.541587829589844
2008-07-09,24.030000686645508,22.280000686645508,23.100000381469727,22.549999237060547,3576700.0,15.77220344543457
2008-07-10,22.690000534057617,21.719999313354492,21.799999237060547,22.450000762939453,2744500.0,15.702263832092285
2008-07-11,22.43000030517578,20.860000610351562,21.90999984741211,21.899999618530273,4452400.0,15.317577362060547
2008-07-14,23.520000457763672,20.719999313354492,22.799999237060547,20.93000030517578,3422000.0,14.639128684997559
2008-07-15,21.459999084472656,19.84000015258789,20.6299991607666,20.559999465942383,5151200.0,14.38033676147461
2008-07-16,22.6299991607666,20.260000228881836,20.709999084472656,22.3700008392334,4030200.0,15.646315574645996
2008-07-17,23.479999542236328,20.93000030517578,21.43000030517578,23.15999984741211,3629900.0,16.19886589050293
2008-07-18,23.6299991607666,21.270000457763672,23.360000610351562,23.389999389648438,3370900.0,16.35973358154297
2008-07-21,23.719999313354492,23.09000015258789,23.399999618530273,23.610000610351562,3682500.0,16.51360511779785
2008-07-22,24.40999984741211,21.760000228881836,21.760000228881836,24.389999389648438,4328300.0,17.059162139892578
2008-07-23,24.850000381469727,23.719999313354492,24.40999984741211,24.200000762939453,4855600.0,16.92626953125
2008-07-24,25.530000686645508,22.510000228881836,24.790000915527344,22.850000381469727,6226600.0,15.982038497924805
2008-07-25,23.049999237060547,21.90999984741211,22.84000015258789,22.219999313354492,4655600.0,15.54139518737793
2008-07-28,22.93000030517578,21.700000762939453,22.020000457763672,21.799999237060547,2482900.0,15.247632026672363
2008-07-29,23.600000381469727,21.6299991607666,21.959999084472656,23.600000381469727,2999900.0,16.506616592407227
2008-07-30,24.239999771118164,23.09000015258789,23.940000534057617,23.790000915527344,2999400.0,16.639511108398438
2008-07-31,24.030000686645508,22.959999084472656,23.600000381469727,23.290000915527344,2492100.0,16.2897891998291
2008-08-01,23.639999389648438,22.540000915527344,23.610000610351562,23.56999969482422,1819900.0,16.485633850097656
2008-08-04,23.469999313354492,22.700000762939453,23.350000381469727,23.049999237060547,1361400.0,16.121929168701172
2008-08-05,25.0,23.229999542236328,23.610000610351562,24.950000762939453,2809300.0,17.450851440429688
2008-08-06,24.8799991607666,23.0,24.25,24.309999465942383,1909200.0,17.003210067749023
2008-08-07,24.489999771118164,23.670000076293945,24.149999618530273,23.8700008392334,2974200.0,16.695459365844727
2008-08-08,25.110000610351562,23.860000610351562,24.049999237060547,25.0,1485700.0,17.48581886291504
2008-08-11,26.049999237060547,24.5,24.969999313354492,25.459999084472656,2549000.0,17.807558059692383
2008-08-12,25.5,24.1299991607666,25.5,24.25,2729100.0,16.961246490478516
2008-08-13,24.40999984741211,23.040000915527344,24.40999984741211,23.559999465942383,2157700.0,16.4786319732666
2008-08-14,25.93000030517578,24.799999237060547,25.389999389648438,25.799999237060547,9227900.0,18.045366287231445
2008-08-15,26.68000030517578,25.469999313354492,26.0,26.549999237060547,6215800.0,18.569936752319336
2008-08-18,26.450000762939453,25.770000457763672,26.440000534057617,25.809999465942383,7813900.0,18.120607376098633
2008-08-19,25.809999465942383,24.200000762939453,25.690000534057617,24.940000534057617,10794400.0,17.50980567932129
2008-08-20,25.81999969482422,24.850000381469727,25.049999237060547,25.25,70829500.0,17.727447509765625
2008-08-21,25.239999771118164,24.729999542236328,24.90999984741211,24.770000457763672,8101600.0,17.390451431274414
2008-08-22,25.93000030517578,24.93000030517578,25.25,25.8700008392334,5422700.0,18.162734985351562
2008-08-25,25.40999984741211,24.889999389648438,25.40999984741211,24.889999389648438,4415400.0,17.474695205688477
2008-08-26,25.299999237060547,24.520000457763672,24.75,25.09000015258789,4041500.0,17.6151123046875
2008-08-27,25.65999984741211,24.700000762939453,25.020000457763672,25.649999618530273,3940400.0,18.00827980041504
2008-08-28,26.079999923706055,25.40999984741211,26.0,26.079999923706055,4057000.0,18.31016731262207
2008-08-29,26.040000915527344,25.440000534057617,25.760000228881836,25.6299991607666,3433700.0,17.994239807128906
2008-09-02,26.670000076293945,25.520000457763672,26.18000030517578,25.739999771118164,4552500.0,18.071462631225586
2008-09-03,25.809999465942383,25.149999618530273,25.5,25.68000030517578,4690900.0,18.029329299926758
2008-09-04,25.649999618530273,24.700000762939453,24.860000610351562,24.860000610351562,5783300.0,17.45363426208496
2008-09-05,25.59000015258789,23.959999084472656,24.549999237060547,25.579999923706055,4466500.0,17.959129333496094
2008-09-08,27.0,24.8799991607666,26.979999542236328,26.049999237060547,5575400.0,18.289108276367188
2008-09-09,26.31999969482422,23.719999313354492,25.959999084472656,23.739999771118164,6468100.0,16.667308807373047
2008-09-10,24.780000686645508,23.110000610351562,23.860000610351562,24.149999618530273,4483900.0,16.955162048339844
2008-09-11,24.959999084472656,22.6299991607666,24.010000228881836,24.600000381469727,5179000.0,17.271099090576172
2008-09-12,25.25,22.940000534057617,24.600000381469727,24.850000381469727,3264000.0,17.446617126464844
2008-09-15,25.440000534057617,23.209999084472656,23.81999969482422,23.209999084472656,6057700.0,16.295204162597656
2008-09-16,24.579999923706055,22.270000457763672,22.899999618530273,24.219999313354492,5097600.0,17.004308700561523
2008-09-17,24.459999084472656,21.709999084472656,24.040000915527344,22.780000686645508,7826300.0,15.99332332611084
2008-09-18,24.530000686645508,18.969999313354492,24.450000762939453,23.959999084472656,11059100.0,16.82176971435547
2008-09-19,29.0,24.010000228881836,27.260000228881836,27.0,8889400.0,18.95607566833496
2008-09-22,26.170000076293945,22.649999618530273,25.829999923706055,24.3799991607666,5539100.0,17.11663818359375
2008-09-23,25.1200008392334,23.020000457763672,23.020000457763672,23.549999237060547,2311800.0,16.533910751342773
2008-09-24,24.8700008392334,23.469999313354492,23.530000686645508,23.93000030517578,2123000.0,16.80070686340332
2008-09-25,25.0,23.030000686645508,24.739999771118164,23.860000610351562,2506900.0,16.751564025878906
2008-09-26,26.399999618530273,22.200000762939453,23.579999923706055,25.34000015258789,3564700.0,17.790630340576172
2008-09-29,25.760000228881836,20.709999084472656,25.309999465942383,20.709999084472656,4158800.0,14.54001522064209
2008-09-30,22.020000457763672,20.690000534057617,21.200000762939453,20.979999542236328,3444000.0,14.729578971862793
2008-10-01,21.34000015258789,18.90999984741211,21.0,21.06999969482422,5196800.0,14.792767524719238
2008-10-02,21.700000762939453,19.899999618530273,20.34000015258789,20.68000030517578,3280800.0,14.518953323364258
2008-10-03,22.989999771118164,19.540000915527344,21.219999313354492,20.3799991607666,2508000.0,14.308331489562988
2008-10-06,21.100000381469727,16.190000534057617,19.969999313354492,20.709999084472656,4454300.0,14.54001522064209
2008-10-07,21.1200008392334,17.5,20.709999084472656,17.5,3068800.0,12.286349296569824
2008-10-08,18.0,15.600000381469727,17.030000686645508,16.149999618530273,3446300.0,11.338541030883789
2008-10-09,16.760000228881836,12.359999656677246,16.350000381469727,13.0,5961900.0,9.12700080871582
2008-10-10,15.109999656677246,11.859999656677246,12.609999656677246,14.300000190734863,10426600.0,10.039704322814941
2008-10-13,16.799999237060547,13.619999885559082,15.40999984741211,16.530000686645508,6486700.0,11.605334281921387
2008-10-14,19.239999771118164,16.770000457763672,17.110000610351562,16.969999313354492,5978300.0,11.91424560546875
2008-10-15,17.040000915527344,14.470000267028809,16.170000076293945,14.630000114440918,5265700.0,10.271389961242676
2008-10-16,15.229999542236328,12.300000190734863,14.829999923706055,14.890000343322754,6381400.0,10.45392894744873
2008-10-17,15.739999771118164,14.020000457763672,14.479999542236328,14.649999618530273,3259800.0,10.28542709350586
2008-10-20,15.09000015258789,14.229999542236328,14.3100004196167,14.84000015258789,2073600.0,10.41882610321045
2008-10-21,15.550000190734863,14.229999542236328,14.550000190734863,14.329999923706055,2224600.0,10.060763359069824
2008-10-22,13.979999542236328,12.1899995803833,13.979999542236328,12.430000305175781,4051100.0,8.72681713104248
2008-10-23,12.720000267028809,10.760000228881836,12.390000343322754,11.600000381469727,5555100.0,8.144092559814453
2008-10-24,11.850000381469727,10.199999809265137,10.670000076293945,11.130000114440918,3236200.0,7.814118385314941
2008-10-27,11.630000114440918,10.510000228881836,10.510000228881836,10.979999542236328,3437600.0,7.708805084228516
2008-10-28,14.0600004196167,11.0600004196167,11.130000114440918,14.0600004196167,6790600.0,9.871204376220703
2008-10-29,15.15999984741211,12.489999771118164,14.050000190734863,14.140000343322754,6886200.0,9.927369117736816
2008-10-30,15.539999961853027,14.09000015258789,14.470000267028809,14.369999885559082,5287500.0,10.088848114013672
2008-10-31,15.119999885559082,13.65999984741211,14.0600004196167,14.90999984741211,5361400.0,10.467967987060547
2008-11-03,14.920000076293945,14.199999809265137,14.739999771118164,14.470000267028809,2241800.0,10.159056663513184
2008-11-04,16.18000030517578,14.649999618530273,15.0,16.110000610351562,4708900.0,11.31046199798584
2008-11-05,16.59000015258789,14.430000305175781,15.779999732971191,14.579999923706055,3146700.0,10.236283302307129
2008-11-06,14.720000267028809,12.420000076293945,14.449999809265137,13.010000228881836,5023000.0,9.134024620056152
2008-11-07,14.220000267028809,13.0600004196167,13.079999923706055,14.170000076293945,2925200.0,9.948431968688965
2008-11-10,14.600000381469727,12.460000038146973,13.859999656677246,12.710000038146973,2393700.0,8.923401832580566
2008-11-11,13.0600004196167,11.920000076293945,12.539999961853027,12.59000015258789,2853500.0,8.839150428771973
2008-11-12,12.59000015258789,11.380000114440918,12.279999732971191,11.569999694824219,2777400.0,8.123027801513672
2008-11-13,13.3100004196167,11.020000457763672,11.770000457763672,13.239999771118164,5524900.0,9.295500755310059
2008-11-14,13.649999618530273,11.880000114440918,12.9399995803833,11.960000038146973,3383200.0,8.396843910217285
2008-11-17,12.09000015258789,10.779999732971191,11.920000076293945,10.819999694824219,4693400.0,7.596471786499023
2008-11-18,11.380000114440918,10.619999885559082,11.239999771118164,11.149999618530273,4580700.0,7.828160285949707
2008-11-19,11.210000038146973,9.720000267028809,11.149999618530273,9.890000343322754,4864000.0,6.943543434143066
2008-11-20,10.380000114440918,8.710000038146973,9.619999885559082,8.84000015258789,6272100.0,6.206363201141357
2008-11-21,9.5,8.350000381469727,8.920000076293945,9.260000228881836,5330300.0,6.501232147216797
2008-11-24,11.649999618530273,9.630000114440918,9.800000190734863,11.5,4518600.0,8.162028312683105
2008-11-25,11.869999885559082,10.40999984741211,11.539999961853027,11.15999984741211,4623200.0,7.920715808868408
2008-11-26,12.420000076293945,10.420000076293945,10.420000076293945,12.380000114440918,3245000.0,8.786602973937988
2008-11-28,12.800000190734863,12.050000190734863,12.369999885559082,12.550000190734863,1763000.0,8.907258987426758
2008-12-01,12.029999732971191,10.279999732971191,11.9399995803833,10.479999542236328,4695000.0,7.438090801239014
2008-12-02,11.479999542236328,10.289999961853027,11.050000190734863,11.399999618530273,4833300.0,8.091056823730469
2008-12-03,11.989999771118164,10.59000015258789,10.890000343322754,11.989999771118164,3260700.0,8.50980281829834
2008-12-04,12.529999732971191,10.630000114440918,11.300000190734863,11.5,4898100.0,8.162028312683105
2008-12-05,12.5,10.850000381469727,11.130000114440918,12.399999618530273,4155300.0,8.80079460144043
2008-12-08,14.140000343322754,12.550000190734863,12.800000190734863,13.380000114440918,4519400.0,9.496343612670898
2008-12-09,13.699999809265137,12.069999694824219,13.699999809265137,12.130000114440918,5147200.0,8.609166145324707
2008-12-10,13.0,12.100000381469727,12.569999694824219,12.770000457763672,3106700.0,9.063399314880371
2008-12-11,13.210000038146973,11.880000114440918,12.619999885559082,11.960000038146973,4183300.0,8.488509178161621
2008-12-12,12.109999656677246,11.050000190734863,11.5,11.729999542236328,5161800.0,8.325270652770996
2008-12-15,12.020000457763672,11.130000114440918,11.920000076293945,11.380000114440918,2660500.0,8.076858520507812
2008-12-16,13.619999885559082,11.489999771118164,11.649999618530273,13.489999771118164,4835800.0,9.57441520690918
2008-12-17,13.699999809265137,12.609999656677246,12.84000015258789,13.220000267028809,4141000.0,9.382784843444824
2008-12-18,13.40999984741211,12.399999618530273,13.220000267028809,12.529999732971191,3558100.0,8.89306354522705
2008-12-19,13.350000381469727,12.619999885559082,12.930000305175781,13.149999618530273,4523800.0,9.333101272583008
2008-12-22,13.229999542236328,12.770000457763672,13.180000305175781,13.100000381469727,3395300.0,9.297615051269531
2008-12-23,13.229999542236328,12.649999618530273,13.149999618530273,12.899999618530273,2329600.0,9.155668258666992
2008-12-24,13.199999809265137,12.739999771118164,13.029999732971191,13.15999984741211,617500.0,9.340202331542969
2008-12-26,13.3100004196167,12.75,13.220000267028809,13.100000381469727,1066100.0,9.297615051269531
2008-12-29,13.119999885559082,12.489999771118164,13.09000015258789,12.859999656677246,1496200.0,9.127276420593262
2008-12-30,13.920000076293945,12.880000114440918,13.0,13.859999656677246,2414900.0,9.837018013000488
2008-12-31,14.579999923706055,13.779999732971191,13.90999984741211,14.4399995803833,2208900.0,10.248669624328613
2009-01-02,15.0,13.920000076293945,14.5,15.0,2633200.0,10.646123886108398
2009-01-05,14.989999771118164,14.020000457763672,14.739999771118164,14.109999656677246,4049400.0,10.01445484161377
2009-01-06,15.0,14.239999771118164,14.329999923706055,14.699999809265137,3675100.0,10.43320369720459
2009-01-07,14.520000457763672,13.710000038146973,14.229999542236328,13.8100004196167,3569000.0,9.801527976989746
2009-01-08,13.930000305175781,13.130000114440918,13.640000343322754,13.600000381469727,3361900.0,9.652485847473145
2009-01-09,14.050000190734863,13.270000457763672,13.630000114440918,13.5600004196167,3615700.0,9.624099731445312
2009-01-12,13.75,12.880000114440918,13.5,13.100000381469727,3873800.0,9.297615051269531
2009-01-13,13.390000343322754,12.649999618530273,12.859999656677246,13.220000267028809,3770900.0,9.382784843444824
2009-01-14,13.010000228881836,11.880000114440918,12.65999984741211,12.3100004196167,4460500.0,8.736917495727539
2009-01-15,13.279999732971191,11.699999809265137,12.170000076293945,12.399999618530273,5524200.0,8.80079460144043
2009-01-16,13.15999984741211,11.789999961853027,12.760000228881836,12.359999656677246,4654400.0,8.772406578063965
2009-01-20,12.710000038146973,11.0,11.720000267028809,11.109999656677246,4563600.0,7.885231018066406
2009-01-21,11.8100004196167,10.649999618530273,11.5,11.539999961853027,6601600.0,8.19041919708252
2009-01-22,11.930000305175781,10.739999771118164,11.109999656677246,11.170000076293945,4084700.0,7.92781400680542
2009-01-23,12.029999732971191,10.40999984741211,10.850000381469727,11.899999618530273,3736600.0,8.445924758911133
2009-01-26,12.449999809265137,11.140000343322754,12.329999923706055,11.479999542236328,3854000.0,8.147834777832031
2009-01-27,11.789999961853027,11.300000190734863,11.729999542236328,11.5,3213000.0,8.162028312683105
2009-01-28,13.289999961853027,11.600000381469727,13.289999961853027,13.039999961853027,5161500.0,9.255030632019043
2009-01-29,12.6899995803833,11.40999984741211,12.40999984741211,11.529999732971191,5574100.0,8.183320999145508
2009-01-30,12.319999694824219,11.210000038146973,11.649999618530273,11.789999961853027,5108200.0,8.367855072021484
2009-02-02,12.600000381469727,11.199999809265137,11.420000076293945,12.489999771118164,4182900.0,8.864672660827637
2009-02-03,12.569999694824219,11.970000267028809,12.40999984741211,12.329999923706055,3298400.0,8.751116752624512
2009-02-04,13.100000381469727,12.319999694824219,12.4399995803833,12.539999961853027,2348900.0,8.900161743164062
2009-02-05,14.130000114440918,12.140000343322754,12.399999618530273,13.699999809265137,5711500.0,9.72346019744873
2009-02-06,14.279999732971191,13.569999694824219,13.970000267028809,14.210000038146973,5227800.0,10.085430145263672
2009-02-09,14.479999542236328,13.640000343322754,14.479999542236328,13.949999809265137,2682700.0,9.900896072387695
2009-02-10,14.149999618530273,12.600000381469727,13.649999618530273,12.789999961853027,6859600.0,9.077593803405762
2009-02-11,13.529999732971191,12.75,13.140000343322754,13.460000038146973,2851300.0,9.55312442779541
2009-02-12,13.539999961853027,12.119999885559082,13.020000457763672,13.399999618530273,4406500.0,9.510539054870605
2009-02-13,13.619999885559082,12.9399995803833,13.34000015258789,13.3100004196167,4686600.0,9.446660041809082
2009-02-17,12.899999618530273,11.420000076293945,11.420000076293945,12.59000015258789,5404800.0,8.935649871826172
2009-02-18,13.0,12.270000457763672,12.800000190734863,12.8100004196167,4411600.0,9.091793060302734
2009-02-19,13.149999618530273,12.260000228881836,12.789999961853027,12.289999961853027,5182800.0,8.722725868225098
2009-02-20,12.949999809265137,11.350000381469727,11.350000381469727,12.449999809265137,5413200.0,8.836283683776855
2009-02-23,12.579999923706055,11.069999694824219,12.380000114440918,11.09000015258789,5852000.0,7.934770107269287
2009-02-24,12.6899995803833,11.079999923706055,11.079999923706055,12.65999984741211,6616900.0,9.058087348937988
2009-02-25,12.8100004196167,11.75,12.489999771118164,12.149999618530273,4842100.0,8.693188667297363
2009-02-26,12.65999984741211,11.829999923706055,12.390000343322754,12.25,5113400.0,8.764734268188477
2009-02-27,12.220000267028809,11.359999656677246,11.489999771118164,11.430000305175781,5697400.0,8.178033828735352
2009-03-02,11.579999923706055,10.350000381469727,11.180000305175781,10.5,6523900.0,7.512630939483643
2009-03-03,10.760000228881836,9.729999542236328,10.760000228881836,9.90999984741211,8005200.0,7.090494632720947
2009-03-04,10.8100004196167,9.5600004196167,9.5600004196167,10.479999542236328,6996700.0,7.498318672180176
2009-03-05,10.5,9.4399995803833,10.069999694824219,9.649999618530273,5117800.0,6.904465198516846
2009-03-06,10.109999656677246,9.369999885559082,9.989999771118164,9.829999923706055,7811100.0,7.033254623413086
2009-03-09,10.050000190734863,9.329999923706055,9.90999984741211,9.510000228881836,3965800.0,6.804295063018799
2009-03-10,11.149999618530273,9.34000015258789,9.369999885559082,11.149999618530273,6524800.0,7.977699279785156
2009-03-11,11.850000381469727,10.680000305175781,11.319999694824219,11.539999961853027,5320100.0,8.256736755371094
2009-03-12,12.609999656677246,10.9399995803833,10.9399995803833,12.600000381469727,7276600.0,9.015156745910645
2009-03-13,12.699999809265137,11.84000015258789,12.670000076293945,12.289999961853027,5354700.0,8.793354034423828
2009-03-16,12.770000457763672,11.579999923706055,12.6899995803833,11.649999618530273,5019900.0,8.335440635681152
2009-03-17,12.489999771118164,11.489999771118164,11.710000038146973,12.489999771118164,4417400.0,8.93645191192627
2009-03-18,13.229999542236328,11.710000038146973,12.210000038146973,13.229999542236328,6894100.0,9.465913772583008
2009-03-19,13.520000457763672,11.970000267028809,13.520000457763672,11.970000267028809,5859800.0,8.564397811889648
2009-03-20,12.5,11.800000190734863,12.229999542236328,12.350000381469727,8542600.0,8.836284637451172
2009-03-23,14.359999656677246,12.449999809265137,12.6899995803833,14.359999656677246,9334600.0,10.274415016174316
2009-03-24,14.4399995803833,13.109999656677246,13.109999656677246,13.6899995803833,7665000.0,9.795039176940918
2009-03-25,14.1899995803833,12.819999694824219,13.649999618530273,13.720000267028809,5686100.0,9.816502571105957
2009-03-26,14.880000114440918,13.34000015258789,14.079999923706055,14.649999618530273,6773200.0,10.48190689086914
2009-03-27,15.270000457763672,14.149999618530273,14.279999732971191,14.789999961853027,7658900.0,10.582075119018555
2009-03-30,14.220000267028809,12.989999771118164,14.220000267028809,13.039999961853027,6461300.0,9.32996940612793
2009-03-31,14.180000305175781,13.100000381469727,13.15999984741211,13.859999656677246,6523000.0,9.916671752929688
2009-04-01,14.670000076293945,13.449999809265137,13.579999923706055,14.569999694824219,5103400.0,10.424668312072754
2009-04-02,15.949999809265137,14.640000343322754,14.640000343322754,15.8100004196167,9647300.0,11.311874389648438
2009-04-03,16.0,14.9399995803833,15.800000190734863,15.880000114440918,5920600.0,11.36196231842041
2009-04-06,15.829999923706055,15.319999694824219,15.5,15.640000343322754,4486400.0,11.190241813659668
2009-04-07,15.489999771118164,14.430000305175781,15.489999771118164,14.430000305175781,5642700.0,10.324501037597656
2009-04-08,15.420000076293945,14.479999542236328,14.529999732971191,15.34000015258789,5936600.0,10.975592613220215
2009-04-09,17.270000457763672,15.619999885559082,16.06999969482422,16.5,9347100.0,11.805562019348145
2009-04-13,17.489999771118164,16.06999969482422,16.1200008392334,17.0,6327800.0,12.163305282592773
2009-04-14,16.8799991607666,15.649999618530273,16.559999465942383,15.649999618530273,5609800.0,11.197395324707031
2009-04-15,16.459999084472656,15.15999984741211,15.640000343322754,16.420000076293945,4553900.0,11.748318672180176
2009-04-16,16.6200008392334,15.699999809265137,16.540000915527344,16.299999237060547,6288400.0,11.662464141845703
2009-04-17,16.309999465942383,15.350000381469727,16.110000610351562,15.979999542236328,7074100.0,11.433507919311523
2009-04-20,15.930000305175781,14.420000076293945,15.1899995803833,14.420000076293945,5586500.0,10.317344665527344
2009-04-21,15.789999961853027,14.359999656677246,14.510000228881836,15.770000457763672,6661200.0,11.28325366973877
2009-04-22,16.25,14.930000305175781,15.220000267028809,15.470000267028809,6831800.0,11.06860637664795
2009-04-23,15.829999923706055,12.920000076293945,12.979999542236328,15.65999984741211,8102200.0,11.20455265045166
2009-04-24,15.75,14.210000038146973,15.75,14.680000305175781,7051400.0,10.503375053405762
2009-04-27,14.640000343322754,12.979999542236328,14.199999809265137,13.979999542236328,5235200.0,10.002530097961426
2009-04-28,14.100000381469727,13.569999694824219,13.890000343322754,13.600000381469727,4200500.0,9.730646133422852
2009-04-29,15.010000228881836,13.630000114440918,13.789999961853027,14.880000114440918,6014200.0,10.646470069885254
2009-04-30,15.460000038146973,14.609999656677246,15.069999694824219,14.720000267028809,4531900.0,10.53199291229248
2009-05-01,14.869999885559082,14.449999809265137,14.649999618530273,14.84000015258789,3718600.0,10.617851257324219
2009-05-04,16.350000381469727,14.710000038146973,14.90999984741211,16.020000457763672,8669000.0,11.462126731872559
2009-05-05,16.34000015258789,15.25,15.8100004196167,16.149999618530273,4121100.0,11.555139541625977
2009-05-06,16.760000228881836,15.6899995803833,16.760000228881836,16.6200008392334,4694700.0,11.891423225402832
2009-05-07,16.920000076293945,15.819999694824219,16.709999084472656,15.859999656677246,8559100.0,11.347647666931152
2009-05-08,16.920000076293945,15.779999732971191,16.079999923706055,16.739999771118164,7211600.0,11.977274894714355
2009-05-11,16.270000457763672,15.5,16.15999984741211,15.59000015258789,5900100.0,11.15446662902832
2009-05-12,15.8100004196167,14.789999961853027,15.15999984741211,15.270000457763672,6329300.0,10.925509452819824
2009-05-13,15.149999618530273,14.460000038146973,15.020000457763672,14.529999732971191,4816900.0,10.39604663848877
2009-05-14,15.069999694824219,14.0600004196167,14.529999732971191,15.039999961853027,3639300.0,10.760947227478027
2009-05-15,15.100000381469727,14.3100004196167,14.789999961853027,14.390000343322754,3963500.0,10.295881271362305
2009-05-18,15.720000267028809,14.520000457763672,14.770000457763672,15.579999923706055,4519400.0,11.227285385131836
2009-05-19,15.260000228881836,13.710000038146973,14.34000015258789,14.0,12213900.0,10.088701248168945
2009-05-20,14.930000305175781,14.359999656677246,14.619999885559082,14.630000114440918,27188500.0,10.542694091796875
2009-05-21,14.649999618530273,14.260000228881836,14.449999809265137,14.489999771118164,7205000.0,10.441804885864258
2009-05-22,14.970000267028809,14.270000457763672,14.59000015258789,14.670000076293945,4544200.0,10.571516990661621
2009-05-26,15.510000228881836,14.270000457763672,14.300000190734863,15.510000228881836,6700300.0,11.176840782165527
2009-05-27,15.470000267028809,14.579999923706055,15.420000076293945,14.649999618530273,5868500.0,10.557109832763672
2009-05-28,15.239999771118164,14.65999984741211,15.050000190734863,15.229999542236328,5369500.0,10.975066184997559
2009-05-29,15.649999618530273,14.930000305175781,15.300000190734863,15.649999618530273,5841000.0,11.277728080749512
2009-06-01,17.399999618530273,15.960000038146973,15.970000267028809,16.290000915527344,12090100.0,11.73892593383789
2009-06-02,17.329999923706055,16.190000534057617,16.31999969482422,17.170000076293945,5890200.0,12.373074531555176
2009-06-03,17.950000762939453,17.049999237060547,17.290000915527344,17.43000030517578,7535000.0,12.560436248779297
2009-06-04,17.979999542236328,17.329999923706055,17.84000015258789,17.850000381469727,6600800.0,12.863096237182617
2009-06-05,18.100000381469727,17.190000534057617,18.100000381469727,17.3799991607666,5975700.0,12.524402618408203
2009-06-08,17.610000610351562,16.90999984741211,17.260000228881836,17.56999969482422,3699100.0,12.661324501037598
2009-06-09,18.190000534057617,17.639999389648438,17.979999542236328,18.040000915527344,6045500.0,13.00001335144043
2009-06-10,18.219999313354492,17.6299991607666,18.139999389648438,18.049999237060547,5792500.0,13.007219314575195
2009-06-11,18.719999313354492,17.93000030517578,18.149999618530273,18.549999237060547,7252800.0,13.367531776428223
2009-06-12,18.729999542236328,18.110000610351562,18.549999237060547,18.729999542236328,3898400.0,13.49724006652832
2009-06-15,18.649999618530273,17.739999771118164,18.530000686645508,17.739999771118164,6028700.0,12.78382396697998
2009-06-16,17.959999084472656,17.059999465942383,17.860000610351562,17.290000915527344,7163500.0,12.459550857543945
2009-06-17,17.3700008392334,16.40999984741211,17.100000381469727,16.68000030517578,8189800.0,12.019967079162598
2009-06-18,16.81999969482422,16.5,16.670000076293945,16.760000228881836,4891400.0,12.077614784240723
2009-06-19,17.479999542236328,16.790000915527344,17.0,17.479999542236328,7240200.0,12.596463203430176
2009-06-22,17.34000015258789,16.059999465942383,17.25,16.059999465942383,6362400.0,11.573183059692383
2009-06-23,16.489999771118164,15.90999984741211,16.149999618530273,16.489999771118164,5334800.0,11.883049964904785
2009-06-24,17.239999771118164,16.510000228881836,16.639999389648438,17.020000457763672,3950800.0,12.264979362487793
2009-06-25,16.959999084472656,16.6299991607666,16.690000534057617,16.950000762939453,4595600.0,12.214534759521484
2009-06-26,17.770000457763672,16.760000228881836,17.040000915527344,17.6299991607666,6690700.0,12.704554557800293
2009-06-29,17.75,17.149999618530273,17.420000076293945,17.68000030517578,4269000.0,12.740589141845703
2009-06-30,17.959999084472656,17.209999084472656,17.469999313354492,17.81999969482422,4096000.0,12.841471672058105
2009-07-01,18.170000076293945,17.6200008392334,17.90999984741211,17.690000534057617,3191600.0,12.747795104980469
2009-07-02,17.489999771118164,16.780000686645508,17.209999084472656,16.780000686645508,3269300.0,12.092029571533203
2009-07-06,17.06999969482422,16.389999389648438,16.770000457763672,16.68000030517578,4293900.0,12.019967079162598
2009-07-07,16.979999542236328,16.31999969482422,16.68000030517578,16.360000610351562,2831900.0,11.789368629455566
2009-07-08,16.579999923706055,15.399999618530273,16.40999984741211,15.720000267028809,6555400.0,11.32817268371582
2009-07-09,16.309999465942383,15.920000076293945,16.280000686645508,16.1299991607666,3609500.0,11.623626708984375
2009-07-10,16.100000381469727,15.729999542236328,16.06999969482422,15.770000457763672,2919000.0,11.364202499389648
2009-07-13,17.059999465942383,15.890000343322754,15.920000076293945,17.059999465942383,4823400.0,12.293804168701172
2009-07-14,17.059999465942383,16.540000915527344,17.059999465942383,16.950000762939453,3288800.0,12.214534759521484
2009-07-15,18.079999923706055,16.899999618530273,17.059999465942383,17.84000015258789,5998700.0,12.855887413024902
2009-07-16,18.049999237060547,17.270000457763672,17.739999771118164,17.940000534057617,3995900.0,12.92795181274414
2009-07-17,17.950000762939453,17.479999542236328,17.93000030517578,17.81999969482422,2686800.0,12.841471672058105
2009-07-20,18.440000534057617,17.799999237060547,18.0,18.440000534057617,3288900.0,13.28825855255127
2009-07-21,18.81999969482422,18.350000381469727,18.5,18.6200008392334,3063300.0,13.417974472045898
2009-07-22,18.979999542236328,18.360000610351562,18.360000610351562,18.68000030517578,4294500.0,13.461210250854492
2009-07-23,19.670000076293945,18.5,18.809999465942383,19.520000457763672,6219800.0,14.06653881072998
2009-07-24,19.760000228881836,19.040000915527344,19.579999923706055,19.360000610351562,4743600.0,13.951234817504883
2009-07-27,20.3700008392334,19.06999969482422,19.200000762939453,19.280000686645508,7998300.0,13.893587112426758
2009-07-28,19.450000762939453,18.6200008392334,18.6200008392334,19.09000015258789,4934600.0,13.756665229797363
2009-07-29,19.139999389648438,18.739999771118164,19.1299991607666,18.850000381469727,3589300.0,13.58371639251709
2009-07-30,19.920000076293945,18.889999389648438,19.15999984741211,19.670000076293945,5091500.0,14.174628257751465
2009-07-31,19.850000381469727,19.399999618530273,19.770000457763672,19.75,3992300.0,14.23227310180664
2009-08-03,20.399999618530273,19.639999389648438,20.270000457763672,19.790000915527344,4394600.0,14.261098861694336
2009-08-04,20.309999465942383,19.59000015258789,19.719999313354492,20.290000915527344,3706800.0,14.621411323547363
2009-08-05,20.280000686645508,19.549999237060547,20.200000762939453,20.260000228881836,4192800.0,14.599793434143066
2009-08-06,20.5,19.780000686645508,20.440000534057617,20.020000457763672,3123400.0,14.426850318908691
2009-08-07,20.549999237060547,19.93000030517578,20.239999771118164,20.520000457763672,5893800.0,14.787153244018555
2009-08-10,20.520000457763672,20.079999923706055,20.40999984741211,20.290000915527344,2931500.0,14.621411323547363
2009-08-11,20.530000686645508,19.979999542236328,20.219999313354492,20.110000610351562,4493000.0,14.491700172424316
2009-08-12,20.729999542236328,19.84000015258789,19.84000015258789,20.579999923706055,2947600.0,14.8303861618042
2009-08-13,20.780000686645508,20.280000686645508,20.68000030517578,20.739999771118164,3279100.0,14.94569206237793
2009-08-14,20.760000228881836,19.670000076293945,20.540000915527344,19.760000228881836,3354600.0,14.239479064941406
2009-08-17,19.5,18.690000534057617,19.09000015258789,18.75,4026000.0,13.582108497619629
2009-08-18,19.149999618530273,18.739999771118164,18.860000610351562,19.06999969482422,3499700.0,13.813909530639648
2009-08-19,19.049999237060547,18.700000762939453,18.860000610351562,19.0,1874000.0,13.763206481933594
2009-08-20,19.81999969482422,19.0,19.040000915527344,19.81999969482422,2680000.0,14.357193946838379
2009-08-21,20.329999923706055,19.700000762939453,20.020000457763672,20.25,3324200.0,14.668673515319824
2009-08-24,20.799999237060547,20.040000915527344,20.600000381469727,20.139999389648438,2966800.0,14.588998794555664
2009-08-25,20.639999389648438,20.020000457763672,20.350000381469727,20.530000686645508,5065800.0,14.871502876281738
2009-08-26,20.670000076293945,20.030000686645508,20.450000762939453,20.139999389648438,5859700.0,14.588998794555664
2009-08-27,20.600000381469727,19.90999984741211,20.049999237060547,20.559999465942383,4710600.0,14.893238067626953
2009-08-28,20.920000076293945,20.479999542236328,20.81999969482422,20.84000015258789,2803100.0,15.096059799194336
2009-08-31,20.770000457763672,20.479999542236328,20.549999237060547,20.75,3485400.0,15.030867576599121
2009-09-01,20.850000381469727,19.610000610351562,20.579999923706055,19.729999542236328,5607300.0,14.291994094848633
2009-09-02,20.229999542236328,19.260000228881836,19.639999389648438,19.959999084472656,4741500.0,14.458605766296387
2009-09-03,21.0,20.010000228881836,20.200000762939453,20.989999771118164,5440800.0,15.204716682434082
2009-09-04,22.469999313354492,20.809999465942383,21.010000228881836,21.649999618530273,9989400.0,15.682802200317383
2009-09-08,23.0,22.200000762939453,22.389999389648438,22.350000381469727,6051500.0,16.18987464904785
2009-09-09,23.0,22.479999542236328,22.799999237060547,23.0,5812100.0,16.66071319580078
2009-09-10,22.950000762939453,22.299999237060547,22.8799991607666,22.709999084472656,3710800.0,16.450647354125977
2009-09-11,22.84000015258789,22.360000610351562,22.780000686645508,22.399999618530273,3727900.0,16.22608757019043
2009-09-14,22.670000076293945,22.09000015258789,22.200000762939453,22.639999389648438,4046800.0,16.39994239807129
2009-09-15,22.719999313354492,22.219999313354492,22.700000762939453,22.56999969482422,3844600.0,16.3492374420166
2009-09-16,22.93000030517578,22.34000015258789,22.469999313354492,22.93000030517578,3812600.0,16.610008239746094
2009-09-17,23.389999389648438,22.709999084472656,22.899999618530273,22.809999465942383,3550100.0,16.523090362548828
2009-09-18,23.299999237060547,22.559999465942383,22.950000762939453,22.559999465942383,4174100.0,16.341991424560547
2009-09-21,22.68000030517578,22.079999923706055,22.100000381469727,22.440000534057617,4034300.0,16.25506591796875
2009-09-22,23.030000686645508,22.559999465942383,22.65999984741211,22.989999771118164,3247100.0,16.653474807739258
2009-09-23,23.1299991607666,22.239999771118164,22.940000534057617,22.299999237060547,4428700.0,16.153654098510742
2009-09-24,22.40999984741211,21.469999313354492,22.40999984741211,21.5,4113200.0,15.574151039123535
2009-09-25,21.450000762939453,20.8700008392334,21.25,20.989999771118164,4439400.0,15.204716682434082
2009-09-28,22.040000915527344,20.989999771118164,21.030000686645508,22.040000915527344,2682900.0,15.965316772460938
2009-09-29,22.3700008392334,21.81999969482422,22.040000915527344,22.100000381469727,3021000.0,16.00877571105957
2009-09-30,22.950000762939453,22.09000015258789,22.260000228881836,22.760000228881836,4485900.0,16.486867904663086
2009-10-01,22.959999084472656,21.729999542236328,22.75,21.790000915527344,6211500.0,15.784221649169922
2009-10-02,23.190000534057617,21.389999389648438,21.469999313354492,22.979999542236328,9999700.0,16.646228790283203
2009-10-05,23.5,22.770000457763672,23.190000534057617,23.5,5496200.0,17.022912979125977
2009-10-06,23.8799991607666,22.93000030517578,23.549999237060547,23.5,5007900.0,17.022912979125977
2009-10-07,23.59000015258789,22.93000030517578,23.399999618530273,23.59000015258789,3366000.0,17.08810043334961
2009-10-08,23.93000030517578,23.399999618530273,23.690000534057617,23.56999969482422,2946300.0,17.07361602783203
2009-10-09,23.899999618530273,23.3700008392334,23.520000457763672,23.809999465942383,2243400.0,17.247459411621094
2009-10-12,23.950000762939453,23.040000915527344,23.920000076293945,23.1200008392334,4306200.0,16.747642517089844
2009-10-13,23.489999771118164,22.690000534057617,23.059999465942383,22.709999084472656,3874000.0,16.450647354125977
2009-10-14,24.0,23.100000381469727,23.329999923706055,23.969999313354492,4638600.0,17.36336898803711
2009-10-15,23.489999771118164,22.81999969482422,23.270000457763672,23.100000381469727,5971800.0,16.733156204223633
2009-10-16,22.969999313354492,22.309999465942383,22.459999084472656,22.75,2995600.0,16.4796199798584
2009-10-19,23.229999542236328,22.739999771118164,22.889999389648438,23.1200008392334,3184400.0,16.747642517089844
2009-10-20,24.06999969482422,23.200000762939453,23.940000534057617,23.299999237060547,11738900.0,16.878034591674805
2009-10-21,23.540000915527344,22.719999313354492,23.190000534057617,22.790000915527344,6601600.0,16.508602142333984
2009-10-22,23.059999465942383,22.309999465942383,22.829999923706055,23.0,6117400.0,16.66071319580078
2009-10-23,23.100000381469727,22.149999618530273,23.010000228881836,22.360000610351562,7327800.0,16.197120666503906
2009-10-26,22.770000457763672,21.6200008392334,22.34000015258789,21.690000534057617,5581100.0,15.711787223815918
2009-10-27,21.8700008392334,21.209999084472656,21.75,21.299999237060547,5275200.0,15.429279327392578
2009-10-28,21.399999618530273,20.040000915527344,21.059999465942383,20.040000915527344,7167600.0,14.516559600830078
2009-10-29,21.600000381469727,20.200000762939453,20.299999237060547,21.59000015258789,10399900.0,15.639338493347168
2009-10-30,22.170000076293945,21.149999618530273,21.950000762939453,21.149999618530273,9452300.0,15.32061767578125
2009-11-02,21.899999618530273,21.25,21.520000457763672,21.719999313354492,6343900.0,15.733514785766602
2009-11-03,22.270000457763672,21.280000686645508,21.40999984741211,22.219999313354492,6323500.0,16.095706939697266
2009-11-04,22.81999969482422,22.09000015258789,22.450000762939453,22.469999313354492,6641900.0,16.276798248291016
2009-11-05,23.049999237060547,22.489999771118164,22.600000381469727,22.889999389648438,7991600.0,16.581039428710938
2009-11-06,23.1299991607666,22.43000030517578,22.540000915527344,23.09000015258789,2633000.0,16.72591209411621
2009-11-09,23.5,23.020000457763672,23.25,23.469999313354492,3846300.0,17.001178741455078
2009-11-10,23.6299991607666,23.06999969482422,23.299999237060547,23.1299991607666,4145000.0,16.754892349243164
2009-11-11,23.959999084472656,23.200000762939453,23.209999084472656,23.770000457763672,4482600.0,17.21849250793457
2009-11-12,23.940000534057617,23.479999542236328,23.700000762939453,23.610000610351562,3248500.0,17.10259437561035
2009-11-13,23.719999313354492,23.360000610351562,23.610000610351562,23.649999618530273,1958600.0,17.131567001342773
2009-11-16,24.0,23.549999237060547,23.860000610351562,23.739999771118164,2763700.0,17.27161407470703
2009-11-17,23.8700008392334,23.440000534057617,23.610000610351562,23.5,3066200.0,17.097013473510742
2009-11-18,23.5,23.010000228881836,23.43000030517578,23.260000228881836,2664700.0,16.92239761352539
2009-11-19,23.200000762939453,22.239999771118164,23.100000381469727,22.309999465942383,3569100.0,16.23124122619629
2009-11-20,22.459999084472656,21.8799991607666,22.079999923706055,22.100000381469727,3109900.0,16.078458786010742
2009-11-23,22.8799991607666,22.34000015258789,22.6299991607666,22.549999237060547,2527100.0,16.405855178833008
2009-11-24,22.760000228881836,22.309999465942383,22.489999771118164,22.719999313354492,2574400.0,16.5295352935791
2009-11-25,22.920000076293945,22.479999542236328,22.8700008392334,22.68000030517578,1573200.0,16.500431060791016
2009-11-27,22.239999771118164,21.1200008392334,21.920000076293945,21.68000030517578,1448400.0,15.772896766662598
2009-11-30,22.299999237060547,21.3700008392334,21.829999923706055,22.25,3303100.0,16.187593460083008
2009-12-01,22.459999084472656,21.90999984741211,22.219999313354492,22.209999084472656,3605100.0,16.15849494934082
2009-12-02,22.469999313354492,22.030000686645508,22.209999084472656,22.25,2259900.0,16.187593460083008
2009-12-03,22.450000762939453,21.780000686645508,22.260000228881836,21.809999465942383,2039700.0,15.867476463317871
2009-12-04,22.420000076293945,21.239999771118164,22.420000076293945,21.6299991607666,3962200.0,15.736518859863281
2009-12-07,21.610000610351562,21.149999618530273,21.5,21.299999237060547,2601800.0,15.496438026428223
2009-12-08,21.34000015258789,20.979999542236328,21.190000534057617,21.079999923706055,2846700.0,15.336380004882812
2009-12-09,21.520000457763672,20.889999389648438,21.209999084472656,21.489999771118164,2474500.0,15.634664535522461
2009-12-10,21.770000457763672,21.489999771118164,21.59000015258789,21.649999618530273,2755000.0,15.751069068908691
2009-12-11,21.760000228881836,21.229999542236328,21.56999969482422,21.469999313354492,2557300.0,15.620121002197266
2009-12-14,22.950000762939453,21.760000228881836,22.950000762939453,22.059999465942383,4454500.0,16.049358367919922
2009-12-15,22.170000076293945,21.729999542236328,22.0,21.809999465942383,2587600.0,15.867476463317871
2009-12-16,22.450000762939453,21.719999313354492,21.719999313354492,22.34000015258789,2304300.0,16.253068923950195
2009-12-17,22.299999237060547,21.75,22.18000030517578,21.760000228881836,2417600.0,15.831100463867188
2009-12-18,22.010000228881836,21.100000381469727,22.010000228881836,21.239999771118164,7463900.0,15.452786445617676
2009-12-21,22.709999084472656,21.25,21.399999618530273,22.459999084472656,5264300.0,16.340375900268555
2009-12-22,22.940000534057617,22.3799991607666,22.3799991607666,22.799999237060547,3093200.0,16.587736129760742
2009-12-23,23.139999389648438,22.68000030517578,22.899999618530273,23.1200008392334,1860100.0,16.820545196533203
2009-12-24,23.329999923706055,23.040000915527344,23.1200008392334,23.260000228881836,849000.0,16.92239761352539
2009-12-28,23.3700008392334,23.1299991607666,23.260000228881836,23.350000381469727,1496900.0,16.987876892089844
2009-12-29,23.43000030517578,23.139999389648438,23.350000381469727,23.270000457763672,2049900.0,16.92967414855957
2009-12-30,23.520000457763672,23.139999389648438,23.15999984741211,23.5,1847900.0,17.097013473510742
2009-12-31,23.610000610351562,23.389999389648438,23.40999984741211,23.489999771118164,1888600.0,17.08972930908203
2010-01-04,23.579999923706055,23.149999618530273,23.56999969482422,23.34000015258789,4254200.0,16.98059844970703
2010-01-05,23.549999237060547,23.229999542236328,23.309999465942383,23.469999313354492,2711400.0,17.075183868408203
2010-01-06,23.440000534057617,22.969999313354492,23.40999984741211,22.979999542236328,3562500.0,16.718690872192383
2010-01-07,23.100000381469727,22.770000457763672,22.93000030517578,23.049999237060547,2739000.0,16.769617080688477
2010-01-08,23.030000686645508,22.649999618530273,22.850000381469727,22.920000076293945,2378900.0,16.67503547668457
2010-01-11,23.700000762939453,22.979999542236328,22.979999542236328,23.6299991607666,2405000.0,17.19158935546875
2010-01-12,23.700000762939453,23.010000228881836,23.459999084472656,23.290000915527344,2053200.0,16.944229125976562
2010-01-13,23.68000030517578,23.149999618530273,23.450000762939453,23.3799991607666,3122000.0,17.009702682495117
2010-01-14,23.350000381469727,22.780000686645508,23.309999465942383,23.0,3551900.0,16.733238220214844
2010-01-15,22.989999771118164,22.489999771118164,22.799999237060547,22.709999084472656,2528600.0,16.52225685119629
2010-01-19,23.200000762939453,22.530000686645508,22.670000076293945,23.030000686645508,1990700.0,16.755064010620117
2010-01-20,22.899999618530273,22.260000228881836,22.899999618530273,22.40999984741211,2734500.0,16.304000854492188
2010-01-21,22.600000381469727,21.450000762939453,22.399999618530273,21.450000762939453,4307700.0,15.605566024780273
2010-01-22,21.65999984741211,20.760000228881836,21.469999313354492,20.829999923706055,4648400.0,15.154495239257812
2010-01-25,21.459999084472656,20.93000030517578,21.25,21.170000076293945,3708300.0,15.40185546875
2010-01-26,21.040000915527344,20.31999969482422,20.84000015258789,20.329999923706055,4312800.0,14.790732383728027
2010-01-27,21.690000534057617,20.270000457763672,20.459999084472656,21.690000534057617,8292400.0,15.780177116394043
2010-01-28,21.84000015258789,20.040000915527344,21.84000015258789,20.209999084472656,10000600.0,14.7034273147583
2010-01-29,20.65999984741211,19.110000610351562,20.65999984741211,19.299999237060547,9763000.0,14.04137134552002
2010-02-01,20.1200008392334,19.260000228881836,19.290000915527344,20.049999237060547,6031500.0,14.587024688720703
2010-02-02,20.360000610351562,19.829999923706055,20.079999923706055,20.239999771118164,4188800.0,14.725257873535156
2010-02-03,20.290000915527344,19.450000762939453,19.979999542236328,19.56999969482422,3762000.0,14.237799644470215
2010-02-04,19.540000915527344,18.549999237060547,19.350000381469727,18.59000015258789,6453900.0,13.524824142456055
2010-02-05,19.100000381469727,17.739999771118164,18.780000686645508,18.579999923706055,8635300.0,13.517548561096191
2010-02-08,19.110000610351562,18.309999465942383,18.549999237060547,18.31999969482422,4827400.0,13.328388214111328
2010-02-09,19.170000076293945,18.510000228881836,18.65999984741211,18.610000610351562,7248200.0,13.53937816619873
2010-02-10,18.989999771118164,18.530000686645508,18.530000686645508,18.75,5659000.0,13.641230583190918
2010-02-11,18.780000686645508,18.31999969482422,18.780000686645508,18.510000228881836,5129100.0,13.466619491577148
2010-02-12,18.5,18.049999237060547,18.299999237060547,18.440000534057617,3609900.0,13.415695190429688
2010-02-16,19.15999984741211,18.520000457763672,18.709999084472656,19.139999389648438,3922700.0,13.924968719482422
2010-02-17,19.3799991607666,19.059999465942383,19.290000915527344,19.15999984741211,3683800.0,13.939517974853516
2010-02-18,19.540000915527344,19.049999237060547,19.219999313354492,19.489999771118164,3742300.0,14.179606437683105
2010-02-19,19.68000030517578,19.15999984741211,19.31999969482422,19.540000915527344,3372000.0,14.29114055633545
2010-02-22,19.770000457763672,19.450000762939453,19.6200008392334,19.6200008392334,3579700.0,14.349652290344238
2010-02-23,19.68000030517578,18.979999542236328,19.59000015258789,19.049999237060547,4224000.0,13.932764053344727
2010-02-24,19.6299991607666,19.1299991607666,19.170000076293945,19.549999237060547,4159200.0,14.29844856262207
2010-02-25,19.760000228881836,18.950000762939453,19.15999984741211,19.75,5183300.0,14.44472599029541
2010-02-26,19.90999984741211,19.469999313354492,19.860000610351562,19.600000381469727,4581100.0,14.3350248336792
2010-03-01,20.1200008392334,19.610000610351562,19.610000610351562,20.079999923706055,3452600.0,14.686083793640137
2010-03-02,20.3700008392334,19.899999618530273,20.020000457763672,20.329999923706055,3848100.0,14.86893081665039
2010-03-03,20.6200008392334,20.149999618530273,20.31999969482422,20.5,4240900.0,14.993264198303223
2010-03-04,20.959999084472656,20.3700008392334,20.3700008392334,20.90999984741211,3837900.0,15.293127059936523
2010-03-05,21.479999542236328,20.549999237060547,20.639999389648438,21.360000610351562,4802600.0,15.6222505569458
2010-03-08,21.209999084472656,20.760000228881836,21.020000457763672,21.079999923706055,3560300.0,15.417462348937988
2010-03-09,21.010000228881836,19.739999771118164,20.809999465942383,19.989999771118164,11493800.0,14.620262145996094
2010-03-10,20.31999969482422,19.850000381469727,20.06999969482422,19.969999313354492,6314000.0,14.605636596679688
2010-03-11,20.049999237060547,19.520000457763672,19.93000030517578,19.90999984741211,4899500.0,14.561752319335938
2010-03-12,20.420000076293945,20.059999465942383,20.1200008392334,20.3700008392334,6408700.0,14.898186683654785
2010-03-15,20.469999313354492,20.149999618530273,20.3700008392334,20.309999465942383,3773100.0,14.85429859161377
2010-03-16,20.709999084472656,20.25,20.31999969482422,20.690000534057617,3910800.0,15.132225036621094
2010-03-17,21.579999923706055,20.75,20.75,21.40999984741211,5801200.0,15.658815383911133
2010-03-18,21.459999084472656,21.020000457763672,21.440000534057617,21.170000076293945,4051100.0,15.48328685760498
2010-03-19,21.31999969482422,20.450000762939453,20.450000762939453,20.450000762939453,7994300.0,14.956695556640625
2010-03-22,20.709999084472656,20.219999313354492,20.329999923706055,20.65999984741211,4096300.0,15.110279083251953
2010-03-23,20.84000015258789,20.479999542236328,20.65999984741211,20.780000686645508,3141600.0,15.19804859161377
2010-03-24,20.739999771118164,20.229999542236328,20.65999984741211,20.56999969482422,3787000.0,15.044458389282227
2010-03-25,21.059999465942383,20.530000686645508,20.670000076293945,20.600000381469727,4963100.0,15.066401481628418
2010-03-26,21.290000915527344,20.649999618530273,20.850000381469727,21.06999969482422,5222300.0,15.410140037536621
2010-03-29,21.559999465942383,21.010000228881836,21.219999313354492,21.469999313354492,3625200.0,15.702702522277832
2010-03-30,21.799999237060547,21.459999084472656,21.459999084472656,21.709999084472656,4958600.0,15.878231048583984
2010-03-31,21.989999771118164,21.25,21.600000381469727,21.90999984741211,6420000.0,16.024505615234375
2010-04-01,22.350000381469727,21.899999618530273,22.110000610351562,22.09000015258789,5936700.0,16.156152725219727
2010-04-05,22.229999542236328,21.969999313354492,22.229999542236328,22.149999618530273,2917000.0,16.200035095214844
2010-04-06,22.709999084472656,21.959999084472656,22.020000457763672,22.65999984741211,6398000.0,16.57304573059082
2010-04-07,22.579999923706055,22.079999923706055,22.510000228881836,22.229999542236328,4284800.0,16.25855255126953
2010-04-08,22.170000076293945,21.950000762939453,22.139999389648438,22.06999969482422,3235800.0,16.141530990600586
2010-04-09,22.549999237060547,22.040000915527344,22.100000381469727,22.5,3190600.0,16.456018447875977
2010-04-12,22.600000381469727,22.040000915527344,22.399999618530273,22.110000610351562,5627200.0,16.170780181884766
2010-04-13,22.270000457763672,22.020000457763672,22.09000015258789,22.200000762939453,4674900.0,16.236608505249023
2010-04-14,22.670000076293945,22.149999618530273,22.25,22.65999984741211,3780900.0,16.57304573059082
2010-04-15,22.75,22.479999542236328,22.610000610351562,22.68000030517578,3214400.0,16.58766746520996
2010-04-16,22.690000534057617,21.729999542236328,22.540000915527344,21.799999237060547,5951400.0,15.944047927856445
2010-04-19,22.079999923706055,21.440000534057617,21.65999984741211,22.06999969482422,4005300.0,16.141530990600586
2010-04-20,22.600000381469727,21.989999771118164,22.25,22.530000686645508,3337300.0,16.477962493896484
2010-04-21,22.600000381469727,21.719999313354492,22.510000228881836,22.040000915527344,4020100.0,16.119586944580078
2010-04-22,22.09000015258789,21.450000762939453,21.829999923706055,22.030000686645508,2859100.0,16.112268447875977
2010-04-23,22.3700008392334,21.959999084472656,22.09000015258789,22.18000030517578,3095800.0,16.22197151184082
2010-04-26,22.190000534057617,21.540000915527344,22.1200008392334,21.579999923706055,5188400.0,15.783150672912598
2010-04-27,21.579999923706055,20.719999313354492,21.389999389648438,20.729999542236328,8136300.0,15.161478042602539
2010-04-28,22.899999618530273,21.479999542236328,21.84000015258789,21.610000610351562,15018700.0,15.805093765258789
2010-04-29,23.889999389648438,21.989999771118164,22.079999923706055,23.65999984741211,10028300.0,17.30441665649414
2010-04-30,23.610000610351562,22.93000030517578,23.610000610351562,22.989999771118164,7549700.0,16.814395904541016
2010-05-03,23.450000762939453,22.780000686645508,23.200000762939453,23.399999618530273,3985300.0,17.114259719848633
2010-05-04,23.010000228881836,22.350000381469727,22.760000228881836,22.510000228881836,4647400.0,16.46333122253418
2010-05-05,22.389999389648438,21.510000228881836,22.1200008392334,21.540000915527344,6813000.0,15.753891944885254
2010-05-06,22.010000228881836,18.489999771118164,21.5,20.8700008392334,10279200.0,15.263870239257812
2010-05-07,21.030000686645508,19.850000381469727,20.889999389648438,20.110000610351562,7478000.0,14.708024024963379
2010-05-10,21.600000381469727,20.190000534057617,20.799999237060547,21.520000457763672,4450400.0,15.739269256591797
2010-05-11,21.59000015258789,20.65999984741211,20.889999389648438,21.190000534057617,3687400.0,15.497913360595703
2010-05-12,21.950000762939453,21.170000076293945,21.450000762939453,21.84000015258789,4285400.0,15.973308563232422
2010-05-13,22.030000686645508,21.690000534057617,21.799999237060547,21.81999969482422,4592600.0,15.95867919921875
2010-05-14,21.579999923706055,20.530000686645508,21.56999969482422,20.81999969482422,5503300.0,15.227302551269531
2010-05-17,20.920000076293945,19.889999389648438,20.84000015258789,20.5,6783900.0,14.993264198303223
2010-05-18,20.989999771118164,19.670000076293945,20.739999771118164,19.850000381469727,6354800.0,14.517861366271973
2010-05-19,20.299999237060547,19.3700008392334,19.760000228881836,19.950000762939453,4858700.0,14.591008186340332
2010-05-20,19.190000534057617,18.3799991607666,19.1299991607666,18.579999923706055,10817900.0,13.66435718536377
2010-05-21,19.290000915527344,17.969999313354492,18.260000228881836,19.170000076293945,5091300.0,14.098265647888184
2010-05-24,19.489999771118164,18.450000762939453,19.209999084472656,18.479999542236328,4974900.0,13.590813636779785
2010-05-25,18.6299991607666,17.68000030517578,17.979999542236328,18.600000381469727,5390600.0,13.679070472717285
2010-05-26,19.0,18.34000015258789,18.860000610351562,18.40999984741211,5986200.0,13.539334297180176
2010-05-27,19.059999465942383,18.239999771118164,18.690000534057617,19.020000457763672,7678800.0,13.98795223236084
2010-05-28,19.020000457763672,18.350000381469727,19.020000457763672,18.559999465942383,5396400.0,13.64964771270752
2010-06-01,18.770000457763672,18.110000610351562,18.3799991607666,18.139999389648438,4640100.0,13.340765953063965
2010-06-02,18.860000610351562,17.969999313354492,18.299999237060547,18.850000381469727,6126100.0,13.862927436828613
2010-06-03,19.1299991607666,18.3700008392334,19.1299991607666,18.719999313354492,5441000.0,13.767319679260254
2010-06-04,18.420000076293945,17.770000457763672,18.1200008392334,17.84000015258789,7120900.0,13.120137214660645
2010-06-07,18.09000015258789,16.989999771118164,17.979999542236328,17.1299991607666,8051800.0,12.59797477722168
2010-06-08,17.899999618530273,17.1200008392334,17.200000762939453,17.850000381469727,8950600.0,13.127492904663086
2010-06-09,18.1200008392334,17.510000228881836,18.110000610351562,17.649999618530273,13145200.0,12.980401992797852
2010-06-10,18.479999542236328,17.81999969482422,17.899999618530273,18.469999313354492,6333600.0,13.583459854125977
2010-06-11,18.940000534057617,18.149999618530273,18.25,18.899999618530273,5508700.0,13.89969539642334
2010-06-14,19.309999465942383,18.700000762939453,19.020000457763672,18.920000076293945,7881500.0,13.914408683776855
2010-06-15,19.559999465942383,18.969999313354492,19.239999771118164,19.549999237060547,4285600.0,14.377723693847656
2010-06-16,19.690000534057617,19.290000915527344,19.40999984741211,19.469999313354492,4473400.0,14.318892478942871
2010-06-17,19.68000030517578,18.770000457763672,19.600000381469727,19.139999389648438,4456800.0,14.076201438903809
2010-06-18,19.5,19.010000228881836,19.5,19.209999084472656,5826000.0,14.12768268585205
2010-06-21,19.84000015258789,19.18000030517578,19.540000915527344,19.299999237060547,3661800.0,14.193872451782227
2010-06-22,19.450000762939453,18.829999923706055,19.229999542236328,18.850000381469727,3244000.0,13.862927436828613
2010-06-23,19.030000686645508,18.450000762939453,18.84000015258789,18.719999313354492,3036100.0,13.767319679260254
2010-06-24,18.68000030517578,17.84000015258789,18.559999465942383,17.899999618530273,3850800.0,13.164259910583496
2010-06-25,18.56999969482422,17.969999313354492,18.100000381469727,18.479999542236328,4869400.0,13.590813636779785
2010-06-28,18.6299991607666,18.09000015258789,18.479999542236328,18.43000030517578,3478100.0,13.55404281616211
2010-06-29,18.18000030517578,17.1200008392334,18.18000030517578,17.280000686645508,4008900.0,12.708293914794922
2010-06-30,17.600000381469727,16.799999237060547,17.149999618530273,16.829999923706055,4098200.0,12.377348899841309
2010-07-01,17.239999771118164,16.450000762939453,17.010000228881836,16.959999084472656,4515900.0,12.472953796386719
2010-07-02,17.40999984741211,16.3700008392334,17.190000534057617,16.6299991607666,3606600.0,12.23026180267334
2010-07-06,17.329999923706055,16.700000762939453,17.040000915527344,16.920000076293945,4242000.0,12.443537712097168
2010-07-07,17.65999984741211,16.940000534057617,16.989999771118164,17.610000610351562,3262700.0,12.950989723205566
2010-07-08,17.989999771118164,17.559999465942383,17.799999237060547,17.8799991607666,3885700.0,13.149552345275879
2010-07-09,18.6200008392334,17.75,17.809999465942383,18.559999465942383,3590600.0,13.64964771270752
2010-07-12,18.5,18.040000915527344,18.5,18.25,2087400.0,13.421663284301758
2010-07-13,19.530000686645508,18.489999771118164,18.489999771118164,19.43000030517578,7082800.0,14.289478302001953
2010-07-14,19.5,19.010000228881836,19.299999237060547,19.260000228881836,3209000.0,14.164451599121094
2010-07-15,19.40999984741211,18.719999313354492,19.3700008392334,19.200000762939453,2931500.0,14.120326042175293
2010-07-16,19.030000686645508,18.079999923706055,18.90999984741211,18.139999389648438,4025800.0,13.340765953063965
2010-07-19,18.350000381469727,17.84000015258789,18.15999984741211,18.25,2174800.0,13.421663284301758
2010-07-20,18.75,17.709999084472656,17.84000015258789,18.700000762939453,3181200.0,13.752613067626953
2010-07-21,19.030000686645508,18.25,19.030000686645508,18.299999237060547,3571700.0,13.458436965942383
2010-07-22,19.489999771118164,18.59000015258789,18.59000015258789,19.260000228881836,4362900.0,14.164451599121094
2010-07-23,19.8700008392334,18.959999084472656,19.190000534057617,19.450000762939453,5797000.0,14.30418586730957
2010-07-26,20.100000381469727,19.3700008392334,19.56999969482422,19.829999923706055,3589900.0,14.583650588989258
2010-07-27,20.010000228881836,19.25,19.90999984741211,19.459999084472656,3593400.0,14.311537742614746
2010-07-28,19.700000762939453,19.260000228881836,19.399999618530273,19.34000015258789,2431600.0,14.223288536071777
2010-07-29,19.979999542236328,19.239999771118164,19.59000015258789,19.639999389648438,2763000.0,14.443918228149414
2010-07-30,19.690000534057617,19.18000030517578,19.350000381469727,19.540000915527344,2484600.0,14.37037467956543
2010-08-02,20.149999618530273,19.489999771118164,19.959999084472656,20.1200008392334,4187900.0,14.796926498413086
2010-08-03,20.110000610351562,19.59000015258789,20.040000915527344,19.68000030517578,2531400.0,14.47333812713623
2010-08-04,19.8700008392334,19.3799991607666,19.469999313354492,19.709999084472656,2226000.0,14.495393753051758
2010-08-05,19.6299991607666,19.389999389648438,19.610000610351562,19.610000610351562,1466300.0,14.421854972839355
2010-08-06,19.670000076293945,19.010000228881836,19.31999969482422,19.31999969482422,2941900.0,14.208576202392578
2010-08-09,19.979999542236328,19.389999389648438,19.389999389648438,19.81999969482422,2187600.0,14.576294898986816
2010-08-10,19.979999542236328,19.389999389648438,19.520000457763672,19.81999969482422,2764600.0,14.576294898986816
2010-08-11,19.450000762939453,18.639999389648438,19.440000534057617,18.649999618530273,4457600.0,13.715839385986328
2010-08-12,18.6299991607666,18.229999542236328,18.260000228881836,18.459999084472656,2762800.0,13.576108932495117
2010-08-13,18.739999771118164,18.389999389648438,18.440000534057617,18.510000228881836,1580100.0,13.612874984741211
2010-08-16,18.690000534057617,18.280000686645508,18.389999389648438,18.549999237060547,1711500.0,13.642295837402344
2010-08-17,19.049999237060547,18.729999542236328,18.739999771118164,18.8799991607666,2499400.0,13.884988784790039
2010-08-18,19.149999618530273,18.709999084472656,18.90999984741211,19.010000228881836,2464000.0,13.980591773986816
2010-08-19,18.920000076293945,18.25,18.770000457763672,18.350000381469727,2578400.0,13.573745727539062
2010-08-20,18.579999923706055,18.1200008392334,18.149999618530273,18.5,2123700.0,13.684708595275879
2010-08-23,18.770000457763672,18.18000030517578,18.65999984741211,18.209999084472656,1822500.0,13.47019100189209
2010-08-24,18.030000686645508,17.549999237060547,17.90999984741211,17.579999923706055,3569700.0,13.004172325134277
2010-08-25,17.700000762939453,17.209999084472656,17.40999984741211,17.6200008392334,3010600.0,13.033759117126465
2010-08-26,18.260000228881836,17.68000030517578,17.75,17.920000076293945,3325100.0,13.255672454833984
2010-08-27,18.360000610351562,17.6299991607666,18.059999465942383,18.360000610351562,3134900.0,13.581148147583008
2010-08-30,18.440000534057617,18.06999969482422,18.260000228881836,18.170000076293945,3382800.0,13.44060230255127
2010-08-31,18.3799991607666,17.8700008392334,18.149999618530273,18.139999389648438,4538900.0,13.418410301208496
2010-09-01,19.030000686645508,18.31999969482422,18.459999084472656,19.0,4780600.0,14.05456829071045
2010-09-02,19.290000915527344,18.93000030517578,19.110000610351562,19.280000686645508,2539100.0,14.261686325073242
2010-09-03,19.84000015258789,19.280000686645508,19.56999969482422,19.75,3531900.0,14.60935115814209
2010-09-07,19.6299991607666,19.280000686645508,19.510000228881836,19.510000228881836,2860400.0,14.431819915771484
2010-09-08,20.030000686645508,19.559999465942383,19.610000610351562,19.860000610351562,2820500.0,14.690723419189453
2010-09-09,20.260000228881836,19.799999237060547,20.25,20.09000015258789,2408100.0,14.860854148864746
2010-09-10,20.139999389648438,19.90999984741211,20.059999465942383,20.09000015258789,1683700.0,14.860854148864746
2010-09-13,20.639999389648438,20.25,20.489999771118164,20.6299991607666,3150800.0,15.260295867919922
2010-09-14,20.75,20.389999389648438,20.520000457763672,20.559999465942383,2577800.0,15.20852279663086
2010-09-15,21.06999969482422,20.260000228881836,20.350000381469727,20.860000610351562,3783500.0,15.430437088012695
2010-09-16,21.049999237060547,20.75,20.780000686645508,21.010000228881836,2375900.0,15.541385650634766
2010-09-17,21.15999984741211,20.610000610351562,21.15999984741211,20.979999542236328,4225400.0,15.519197463989258
2010-09-20,21.649999618530273,21.079999923706055,21.09000015258789,21.600000381469727,3199800.0,15.977821350097656
2010-09-21,21.829999923706055,21.40999984741211,21.690000534057617,21.540000915527344,3379600.0,15.93343448638916
2010-09-22,21.90999984741211,21.440000534057617,21.59000015258789,21.540000915527344,5576200.0,15.93343448638916
2010-09-23,21.450000762939453,20.75,21.270000457763672,20.75,7650200.0,15.349069595336914
2010-09-24,21.920000076293945,21.09000015258789,21.09000015258789,21.899999618530273,4312500.0,16.19973373413086
2010-09-27,21.940000534057617,21.600000381469727,21.84000015258789,21.6299991607666,3137000.0,16.00001335144043
2010-09-28,21.84000015258789,21.34000015258789,21.760000228881836,21.670000076293945,2911700.0,16.029600143432617
2010-09-29,21.610000610351562,21.209999084472656,21.5,21.309999465942383,2731500.0,15.7633056640625
2010-09-30,22.030000686645508,21.219999313354492,21.6299991607666,21.229999542236328,4912700.0,15.70412540435791
2010-10-01,21.559999465942383,21.059999465942383,21.489999771118164,21.3700008392334,4435500.0,15.807687759399414
2010-10-04,21.549999237060547,20.8700008392334,21.290000915527344,21.059999465942383,2445800.0,15.578376770019531
2010-10-05,21.90999984741211,21.079999923706055,21.3700008392334,21.809999465942383,6108300.0,16.133159637451172
2010-10-06,21.959999084472656,21.610000610351562,21.719999313354492,21.93000030517578,4221200.0,16.2219295501709
2010-10-07,22.280000686645508,21.920000076293945,22.09000015258789,22.190000534057617,5772300.0,16.414255142211914
2010-10-08,22.6299991607666,22.010000228881836,22.31999969482422,22.40999984741211,4449000.0,16.57699203491211
2010-10-11,22.639999389648438,22.34000015258789,22.479999542236328,22.5,2669300.0,16.643564224243164
2010-10-12,22.719999313354492,22.219999313354492,22.459999084472656,22.440000534057617,5497900.0,16.59918212890625
2010-10-13,23.3700008392334,22.59000015258789,22.59000015258789,22.8700008392334,6746000.0,16.917261123657227
2010-10-14,23.100000381469727,22.760000228881836,22.829999923706055,22.940000534057617,5190600.0,16.969036102294922
2010-10-15,23.15999984741211,22.59000015258789,23.139999389648438,22.860000610351562,4566800.0,16.90985870361328
2010-10-18,23.010000228881836,21.75,22.600000381469727,22.989999771118164,3006100.0,17.006025314331055
2010-10-19,22.860000610351562,22.200000762939453,22.649999618530273,22.43000030517578,4721600.0,16.59178352355957
2010-10-20,23.0,22.5,22.510000228881836,22.65999984741211,3469100.0,16.761924743652344
2010-10-21,23.219999313354492,22.25,22.790000915527344,22.290000915527344,5747300.0,16.488222122192383
2010-10-22,22.6200008392334,22.209999084472656,22.3799991607666,22.31999969482422,3177200.0,16.510412216186523
2010-10-25,22.790000915527344,22.049999237060547,22.719999313354492,22.110000610351562,4418300.0,16.35507583618164
2010-10-26,22.40999984741211,21.850000381469727,21.979999542236328,22.360000610351562,3041800.0,16.54000473022461
2010-10-27,22.540000915527344,22.049999237060547,22.209999084472656,22.520000457763672,2489200.0,16.65835952758789
2010-10-28,22.780000686645508,22.360000610351562,22.780000686645508,22.469999313354492,2786100.0,16.621374130249023
2010-10-29,23.0,22.229999542236328,22.3799991607666,23.0,4525900.0,17.013416290283203
2010-11-01,23.209999084472656,22.6200008392334,23.18000030517578,22.8700008392334,2947400.0,16.917261123657227
2010-11-02,23.450000762939453,23.139999389648438,23.18000030517578,23.43000030517578,2936800.0,17.331501007080078
2010-11-03,23.579999923706055,22.739999771118164,23.43000030517578,23.3799991607666,3702100.0,17.29450798034668
2010-11-04,24.0,23.420000076293945,23.610000610351562,24.0,5069500.0,17.753131866455078
2010-11-05,24.3799991607666,23.850000381469727,23.979999542236328,24.239999771118164,4094600.0,17.9306640625
2010-11-08,24.149999618530273,23.489999771118164,24.079999923706055,23.56999969482422,3260200.0,17.435060501098633
2010-11-09,23.670000076293945,23.1299991607666,23.610000610351562,23.200000762939453,3528800.0,17.1613712310791
2010-11-10,22.389999389648438,21.8799991607666,21.899999618530273,22.290000915527344,24083800.0,16.488222122192383
2010-11-11,22.739999771118164,21.860000610351562,22.010000228881836,22.450000762939453,7964900.0,16.606578826904297
2010-11-12,22.469999313354492,21.959999084472656,22.25,22.1299991607666,4456200.0,16.369873046875
2010-11-15,22.56999969482422,21.989999771118164,22.280000686645508,22.18000030517578,3599800.0,16.40685272216797
2010-11-16,22.049999237060547,21.559999465942383,21.969999313354492,21.690000534057617,5566700.0,16.044395446777344
2010-11-17,21.719999313354492,21.450000762939453,21.600000381469727,21.510000228881836,4118300.0,15.992350578308105
2010-11-18,22.049999237060547,21.770000457763672,21.829999923706055,21.809999465942383,3529100.0,16.215394973754883
2010-11-19,21.950000762939453,21.56999969482422,21.899999618530273,21.93000030517578,2893200.0,16.304616928100586
2010-11-22,21.84000015258789,21.489999771118164,21.829999923706055,21.709999084472656,2874800.0,16.14104652404785
2010-11-23,21.40999984741211,21.020000457763672,21.360000610351562,21.15999984741211,4029700.0,15.732133865356445
2010-11-24,21.950000762939453,21.260000228881836,21.299999237060547,21.950000762939453,4711800.0,16.319486618041992
2010-11-26,21.8700008392334,21.43000030517578,21.56999969482422,21.709999084472656,1371700.0,16.14104652404785
2010-11-29,21.780000686645508,21.290000915527344,21.489999771118164,21.690000534057617,2722100.0,16.12618064880371
2010-11-30,21.920000076293945,21.389999389648438,21.389999389648438,21.739999771118164,4566800.0,16.163352966308594
2010-12-01,22.479999542236328,21.989999771118164,22.0,22.459999084472656,4359700.0,16.698659896850586
2010-12-02,22.940000534057617,22.420000076293945,22.450000762939453,22.8700008392334,4252400.0,17.003494262695312
2010-12-03,23.09000015258789,22.68000030517578,22.790000915527344,22.989999771118164,3938200.0,17.092708587646484
2010-12-06,22.979999542236328,22.670000076293945,22.8799991607666,22.81999969482422,3115600.0,16.9663143157959
2010-12-07,23.389999389648438,22.940000534057617,23.06999969482422,22.979999542236328,5946100.0,17.085269927978516
2010-12-08,23.18000030517578,22.709999084472656,22.969999313354492,23.079999923706055,5180500.0,17.159622192382812
2010-12-09,23.350000381469727,23.010000228881836,23.270000457763672,23.170000076293945,5055200.0,17.226537704467773
2010-12-10,23.389999389648438,22.8799991607666,23.190000534057617,23.229999542236328,4322900.0,17.27114486694336
2010-12-13,23.309999465942383,22.920000076293945,23.280000686645508,23.030000686645508,2842600.0,17.12244415283203
2010-12-14,23.170000076293945,22.68000030517578,23.100000381469727,22.829999923706055,2549300.0,16.9737548828125
2010-12-15,23.079999923706055,22.600000381469727,22.75,22.639999389648438,3861500.0,16.832487106323242
2010-12-16,22.729999542236328,22.399999618530273,22.729999542236328,22.610000610351562,2582600.0,16.8101806640625
2010-12-17,22.899999618530273,22.549999237060547,22.649999618530273,22.780000686645508,4763500.0,16.93658447265625
2010-12-20,23.040000915527344,22.549999237060547,23.020000457763672,22.81999969482422,2232600.0,16.9663143157959
2010-12-21,23.6200008392334,22.920000076293945,22.920000076293945,23.59000015258789,4585300.0,17.538799285888672
2010-12-22,23.90999984741211,23.6200008392334,23.670000076293945,23.75,3305700.0,17.657756805419922
2010-12-23,23.75,23.510000228881836,23.670000076293945,23.68000030517578,1391700.0,17.605712890625
2010-12-27,23.719999313354492,23.459999084472656,23.510000228881836,23.719999313354492,1116900.0,17.635452270507812
2010-12-28,23.799999237060547,23.469999313354492,23.760000228881836,23.68000030517578,1615100.0,17.605712890625
2010-12-29,23.860000610351562,23.6299991607666,23.760000228881836,23.739999771118164,1044000.0,17.65032196044922
2010-12-30,23.790000915527344,23.469999313354492,23.649999618530273,23.670000076293945,1329000.0,17.598281860351562
2010-12-31,24.34000015258789,23.600000381469727,23.639999389648438,24.059999465942383,3101500.0,17.888233184814453
2011-01-03,24.719999313354492,24.239999771118164,24.239999771118164,24.459999084472656,5164600.0,18.18562889099121
2011-01-04,24.540000915527344,24.1299991607666,24.389999389648438,24.40999984741211,5388300.0,18.148454666137695
2011-01-05,24.450000762939453,24.190000534057617,24.200000762939453,24.389999389648438,6230200.0,18.133590698242188
2011-01-06,24.510000228881836,24.190000534057617,24.450000762939453,24.350000381469727,4235200.0,18.103849411010742
2011-01-07,24.5,23.959999084472656,24.479999542236328,24.329999923706055,4880900.0,18.088979721069336
2011-01-10,24.399999618530273,23.940000534057617,24.290000915527344,24.25,5082000.0,18.02950096130371
2011-01-11,25.079999923706055,24.399999618530273,24.459999084472656,24.760000228881836,7432300.0,18.408676147460938
2011-01-12,24.93000030517578,24.34000015258789,24.65999984741211,24.8799991607666,6904100.0,18.497894287109375
2011-01-13,24.780000686645508,24.40999984741211,24.649999618530273,24.729999542236328,6584800.0,18.38637351989746
2011-01-14,25.18000030517578,24.549999237060547,24.729999542236328,25.0,5447600.0,18.587108612060547
2011-01-18,25.049999237060547,24.68000030517578,24.690000534057617,24.979999542236328,6153300.0,18.57224464416504
2011-01-19,25.190000534057617,24.510000228881836,25.0,24.59000015258789,4612900.0,18.282283782958984
2011-01-20,24.670000076293945,23.90999984741211,24.559999465942383,23.920000076293945,6368100.0,17.78415298461914
2011-01-21,24.399999618530273,23.81999969482422,24.239999771118164,23.920000076293945,5042000.0,17.78415298461914
2011-01-24,24.280000686645508,23.729999542236328,23.93000030517578,24.110000610351562,3033700.0,17.925413131713867
2011-01-25,24.190000534057617,23.670000076293945,24.059999465942383,23.899999618530273,4347900.0,17.7692813873291
2011-01-26,24.040000915527344,23.639999389648438,24.040000915527344,23.770000457763672,5292000.0,17.67262840270996
2011-01-27,24.989999771118164,23.860000610351562,24.229999542236328,24.829999923706055,7951000.0,18.460721969604492
2011-01-28,25.610000610351562,24.600000381469727,25.479999542236328,24.65999984741211,10372000.0,18.334331512451172
2011-01-31,24.809999465942383,24.43000030517578,24.670000076293945,24.739999771118164,6384300.0,18.393808364868164
2011-02-01,25.34000015258789,24.65999984741211,24.899999618530273,25.309999465942383,5600400.0,18.81759262084961
2011-02-02,25.290000915527344,24.950000762939453,25.079999923706055,24.979999542236328,3087700.0,18.57224464416504
2011-02-03,25.049999237060547,24.68000030517578,24.889999389648438,25.010000228881836,2905200.0,18.59455108642578
2011-02-04,25.450000762939453,24.899999618530273,25.09000015258789,25.399999618530273,3478000.0,18.88450813293457
2011-02-07,25.920000076293945,25.399999618530273,25.450000762939453,25.600000381469727,2900400.0,19.03321075439453
2011-02-08,25.709999084472656,25.239999771118164,25.700000762939453,25.389999389648438,3382200.0,18.8770751953125
2011-02-09,25.40999984741211,24.959999084472656,25.299999237060547,25.100000381469727,2997300.0,18.661462783813477
2011-02-10,25.270000457763672,24.860000610351562,25.200000762939453,25.25,4036200.0,18.772979736328125
2011-02-11,25.989999771118164,25.010000228881836,25.110000610351562,25.75,3920900.0,19.144731521606445
2011-02-14,26.030000686645508,25.579999923706055,25.770000457763672,26.020000457763672,2350000.0,19.34546661376953
2011-02-15,26.549999237060547,25.860000610351562,25.860000610351562,26.5,4842800.0,19.702341079711914
2011-02-16,27.389999389648438,26.579999923706055,26.579999923706055,27.34000015258789,6810100.0,20.326868057250977
2011-02-17,27.450000762939453,27.170000076293945,27.190000534057617,27.420000076293945,7135900.0,20.3863468170166
2011-02-18,27.5,27.219999313354492,27.440000534057617,27.350000381469727,4865300.0,20.41620635986328
2011-02-22,27.1200008392334,26.09000015258789,26.93000030517578,26.139999389648438,5519900.0,19.51296615600586
2011-02-23,26.43000030517578,25.360000610351562,26.170000076293945,25.719999313354492,5316100.0,19.199440002441406
2011-02-24,25.850000381469727,25.239999771118164,25.639999389648438,25.6299991607666,4921700.0,19.13226890563965
2011-02-25,26.479999542236328,25.75,25.809999465942383,26.399999618530273,3889600.0,19.707050323486328
2011-02-28,26.959999084472656,26.270000457763672,26.34000015258789,26.84000015258789,5646900.0,20.035499572753906
2011-03-01,26.940000534057617,25.81999969482422,26.790000915527344,25.950000762939453,5128100.0,19.371135711669922
2011-03-02,26.170000076293945,25.389999389648438,25.84000015258789,26.110000610351562,5439600.0,19.490571975708008
2011-03-03,27.280000686645508,26.360000610351562,26.43000030517578,27.229999542236328,4737900.0,20.326623916625977
2011-03-04,27.190000534057617,26.3700008392334,27.18000030517578,26.600000381469727,3515900.0,19.856346130371094
2011-03-07,26.8700008392334,26.040000915527344,26.670000076293945,26.190000534057617,2556700.0,19.5502872467041
2011-03-08,26.709999084472656,26.0,26.209999084472656,26.549999237060547,2908200.0,19.819021224975586
2011-03-09,26.860000610351562,26.239999771118164,26.5,26.5,3685400.0,19.781700134277344
2011-03-10,26.200000762939453,25.479999542236328,26.09000015258789,25.6200008392334,3768800.0,19.124794006347656
2011-03-11,25.920000076293945,25.25,25.420000076293945,25.84000015258789,2596500.0,19.289020538330078
2011-03-14,25.790000915527344,25.270000457763672,25.450000762939453,25.420000076293945,5210800.0,18.975500106811523
2011-03-15,25.059999465942383,24.219999313354492,24.709999084472656,24.90999984741211,4632800.0,18.594797134399414
2011-03-16,24.940000534057617,23.8700008392334,24.81999969482422,24.09000015258789,5673300.0,17.982683181762695
2011-03-17,24.8700008392334,24.350000381469727,24.6299991607666,24.68000030517578,3246600.0,18.423110961914062
2011-03-18,25.200000762939453,24.59000015258789,25.030000686645508,24.850000381469727,4746300.0,18.550012588500977
2011-03-21,25.479999542236328,24.979999542236328,25.270000457763672,25.450000762939453,3929100.0,18.997894287109375
2011-03-22,25.600000381469727,25.15999984741211,25.399999618530273,25.360000610351562,2535100.0,18.930706024169922
2011-03-23,25.440000534057617,24.8799991607666,25.219999313354492,25.43000030517578,2605100.0,18.982967376708984
2011-03-24,25.989999771118164,25.350000381469727,25.68000030517578,25.93000030517578,3074100.0,19.356203079223633
2011-03-25,26.06999969482422,25.6200008392334,25.969999313354492,25.6200008392334,2529200.0,19.124794006347656
2011-03-28,25.809999465942383,25.3700008392334,25.610000610351562,25.3700008392334,2501000.0,18.93817901611328
2011-03-29,25.479999542236328,25.049999237060547,25.290000915527344,25.459999084472656,2820100.0,19.00536346435547
2011-03-30,26.020000457763672,25.540000915527344,25.6299991607666,25.59000015258789,4796700.0,19.10240364074707
2011-03-31,25.579999923706055,25.18000030517578,25.469999313354492,25.559999465942383,4069600.0,19.08000373840332
2011-04-01,26.020000457763672,25.709999084472656,25.84000015258789,26.0,3985100.0,19.40845489501953
2011-04-04,26.059999465942383,25.770000457763672,25.969999313354492,25.969999313354492,2786900.0,19.38606071472168
2011-04-05,25.899999618530273,25.6299991607666,25.84000015258789,25.75,1872700.0,19.22184181213379
2011-04-06,26.0,25.350000381469727,25.950000762939453,25.75,3550800.0,19.22184181213379
2011-04-07,25.940000534057617,25.549999237060547,25.709999084472656,25.790000915527344,2934700.0,19.251699447631836
2011-04-08,26.030000686645508,25.690000534057617,25.920000076293945,25.93000030517578,3801200.0,19.356203079223633
2011-04-11,26.020000457763672,25.360000610351562,25.84000015258789,25.469999313354492,2261000.0,19.01282501220703
2011-04-12,25.360000610351562,24.700000762939453,25.31999969482422,24.84000015258789,3776900.0,18.542545318603516
2011-04-13,25.079999923706055,24.520000457763672,25.030000686645508,24.59000015258789,2805600.0,18.355924606323242
2011-04-14,24.639999389648438,24.239999771118164,24.350000381469727,24.579999923706055,3858300.0,18.348453521728516
2011-04-15,25.030000686645508,24.610000610351562,24.719999313354492,24.979999542236328,3807500.0,18.647048950195312
2011-04-18,24.579999923706055,24.1299991607666,24.559999465942383,24.43000030517578,2751700.0,18.23647689819336
2011-04-19,24.559999465942383,24.34000015258789,24.479999542236328,24.34000015258789,3971900.0,18.169301986694336
2011-04-20,24.90999984741211,24.579999923706055,24.780000686645508,24.690000534057617,4191700.0,18.43056869506836
2011-04-21,24.90999984741211,24.520000457763672,24.790000915527344,24.799999237060547,4002900.0,18.512680053710938
2011-04-25,24.65999984741211,24.360000610351562,24.649999618530273,24.600000381469727,2595800.0,18.363386154174805
2011-04-26,25.06999969482422,24.59000015258789,24.649999618530273,24.850000381469727,3521700.0,18.550012588500977
2011-04-27,24.90999984741211,23.969999313354492,24.809999465942383,24.81999969482422,7086200.0,18.527612686157227
2011-04-28,24.989999771118164,24.40999984741211,24.719999313354492,24.969999313354492,4864200.0,18.639583587646484
2011-04-29,25.06999969482422,24.81999969482422,24.959999084472656,24.8700008392334,4333900.0,18.56494140625
2011-05-02,25.329999923706055,25.0,25.059999465942383,25.149999618530273,3943200.0,18.773944854736328
2011-05-03,25.299999237060547,24.809999465942383,25.059999465942383,25.059999465942383,5458000.0,18.706764221191406
2011-05-04,25.239999771118164,24.440000534057617,25.010000228881836,24.56999969482422,4377900.0,18.340991973876953
2011-05-05,24.420000076293945,24.020000457763672,24.3700008392334,24.139999389648438,4474600.0,18.02000617980957
2011-05-06,24.969999313354492,24.110000610351562,24.579999923706055,24.270000457763672,4111300.0,18.117055892944336
2011-05-09,24.450000762939453,24.1299991607666,24.25,24.40999984741211,2247900.0,18.221555709838867
2011-05-10,24.65999984741211,24.280000686645508,24.549999237060547,24.5,4387500.0,18.288742065429688
2011-05-11,24.829999923706055,24.209999084472656,24.43000030517578,24.540000915527344,5610000.0,18.318603515625
2011-05-12,25.25,24.34000015258789,24.5,25.200000762939453,6222600.0,18.811275482177734
2011-05-13,25.459999084472656,24.93000030517578,25.190000534057617,25.010000228881836,7044400.0,18.66944694519043
2011-05-16,25.219999313354492,24.6299991607666,24.899999618530273,24.639999389648438,4209800.0,18.393247604370117
2011-05-17,24.600000381469727,24.079999923706055,24.520000457763672,24.309999465942383,5342000.0,18.146909713745117
2011-05-18,24.770000457763672,24.149999618530273,24.25,24.690000534057617,3071000.0,18.523914337158203
2011-05-19,25.100000381469727,24.540000915527344,24.899999618530273,24.68000030517578,7319800.0,18.51641273498535
2011-05-20,25.09000015258789,24.469999313354492,24.469999313354492,25.0,6975300.0,18.75649642944336
2011-05-23,24.639999389648438,24.239999771118164,24.600000381469727,24.290000915527344,4136400.0,18.223812103271484
2011-05-24,24.40999984741211,23.899999618530273,24.31999969482422,24.040000915527344,4052500.0,18.03624725341797
2011-05-25,24.170000076293945,23.75,23.829999923706055,24.010000228881836,3951200.0,18.01374053955078
2011-05-26,24.350000381469727,23.579999923706055,23.899999618530273,24.229999542236328,4974400.0,18.178794860839844
2011-05-27,24.420000076293945,24.0,24.3799991607666,24.329999923706055,2518300.0,18.25382423400879
2011-05-31,24.700000762939453,24.399999618530273,24.6200008392334,24.670000076293945,4956900.0,18.508909225463867
2011-06-01,24.56999969482422,23.479999542236328,24.549999237060547,23.5,5547400.0,17.631107330322266
2011-06-02,23.649999618530273,23.299999237060547,23.479999542236328,23.549999237060547,3437800.0,17.668622970581055
2011-06-03,23.450000762939453,23.020000457763672,23.110000610351562,23.059999465942383,3981200.0,17.30099105834961
2011-06-06,23.190000534057617,22.5,23.040000915527344,22.549999237060547,3218300.0,16.918359756469727
2011-06-07,22.969999313354492,22.489999771118164,22.739999771118164,22.780000686645508,4008200.0,17.09092140197754
2011-06-08,22.940000534057617,22.600000381469727,22.719999313354492,22.700000762939453,3646500.0,17.03089714050293
2011-06-09,23.229999542236328,22.700000762939453,22.75,23.170000076293945,2906500.0,17.383520126342773
2011-06-10,23.18000030517578,22.719999313354492,23.06999969482422,22.940000534057617,4872800.0,17.21095848083496
2011-06-13,23.229999542236328,22.760000228881836,22.989999771118164,22.959999084472656,3674100.0,17.225967407226562
2011-06-14,23.479999542236328,23.1299991607666,23.25,23.260000228881836,5425900.0,17.4510440826416
2011-06-15,23.270000457763672,22.6200008392334,23.06999969482422,22.90999984741211,4344700.0,17.188453674316406
2011-06-16,23.219999313354492,22.770000457763672,22.8799991607666,23.0,3524600.0,17.25596809387207
2011-06-17,23.389999389648438,22.93000030517578,23.270000457763672,23.040000915527344,5236700.0,17.285985946655273
2011-06-20,23.139999389648438,22.8799991607666,22.950000762939453,23.110000610351562,3020200.0,17.3385066986084
2011-06-21,23.6200008392334,23.25,23.280000686645508,23.3700008392334,4525500.0,17.533567428588867
2011-06-22,23.459999084472656,23.059999465942383,23.309999465942383,23.079999923706055,3175800.0,17.315994262695312
2011-06-23,22.790000915527344,22.25,22.690000534057617,22.649999618530273,5146500.0,16.993383407592773
2011-06-24,22.760000228881836,21.920000076293945,22.68000030517578,21.920000076293945,7196500.0,16.44569206237793
2011-06-27,22.40999984741211,21.969999313354492,21.969999313354492,22.31999969482422,4252800.0,16.74579620361328
2011-06-28,22.84000015258789,22.3700008392334,22.420000076293945,22.709999084472656,3747900.0,17.038400650024414
2011-06-29,23.420000076293945,22.8700008392334,22.889999389648438,23.360000610351562,4454300.0,17.526071548461914
2011-06-30,23.540000915527344,23.18000030517578,23.450000762939453,23.399999618530273,3467900.0,17.556074142456055
2011-07-01,23.6299991607666,23.219999313354492,23.350000381469727,23.559999465942383,5285900.0,17.676122665405273
2011-07-05,23.549999237060547,23.290000915527344,23.479999542236328,23.399999618530273,3695700.0,17.556074142456055
2011-07-06,23.389999389648438,23.110000610351562,23.329999923706055,23.280000686645508,2958200.0,17.466047286987305
2011-07-07,24.040000915527344,23.510000228881836,23.639999389648438,23.899999618530273,5628700.0,17.93120765686035
2011-07-08,23.65999984741211,23.40999984741211,23.540000915527344,23.56999969482422,4600600.0,17.683624267578125
2011-07-11,23.34000015258789,22.479999542236328,23.149999618530273,22.540000915527344,3415400.0,16.910858154296875
2011-07-12,22.600000381469727,22.200000762939453,22.440000534057617,22.200000762939453,4571900.0,16.65576934814453
2011-07-13,22.959999084472656,22.299999237060547,22.329999923706055,22.68000030517578,5346700.0,17.015886306762695
2011-07-14,22.809999465942383,22.200000762939453,22.75,22.329999923706055,2948700.0,16.753293991088867
2011-07-15,22.510000228881836,21.90999984741211,22.5,22.190000534057617,4275200.0,16.64826774597168
2011-07-18,22.1200008392334,21.290000915527344,22.09000015258789,21.43000030517578,6818600.0,16.07807159423828
2011-07-19,21.979999542236328,21.469999313354492,21.59000015258789,21.889999389648438,4164400.0,16.42319107055664
2011-07-20,22.079999923706055,21.799999237060547,22.06999969482422,21.84000015258789,2949100.0,16.38567543029785
2011-07-21,22.709999084472656,22.059999465942383,22.1200008392334,22.639999389648438,5256100.0,16.985881805419922
2011-07-22,22.770000457763672,22.450000762939453,22.639999389648438,22.709999084472656,2295400.0,17.038400650024414
2011-07-25,22.690000534057617,22.280000686645508,22.43000030517578,22.59000015258789,3774500.0,16.948373794555664
2011-07-26,23.520000457763672,22.780000686645508,22.8700008392334,23.040000915527344,5754400.0,17.285985946655273
2011-07-27,22.93000030517578,22.18000030517578,22.84000015258789,22.260000228881836,5309500.0,16.70078468322754
2011-07-28,22.81999969482422,22.200000762939453,22.260000228881836,22.3700008392334,3834500.0,16.783308029174805
2011-07-29,22.549999237060547,21.799999237060547,22.040000915527344,22.18000030517578,4673900.0,16.640762329101562
2011-08-01,22.610000610351562,21.8799991607666,22.530000686645508,22.18000030517578,3413000.0,16.640762329101562
2011-08-02,22.270000457763672,21.1299991607666,21.93000030517578,21.1299991607666,6139900.0,15.852983474731445
2011-08-03,21.469999313354492,20.84000015258789,21.15999984741211,21.40999984741211,4111700.0,16.063058853149414
2011-08-04,21.170000076293945,19.920000076293945,20.989999771118164,19.940000534057617,7668900.0,14.96018123626709
2011-08-05,20.3700008392334,19.030000686645508,20.25,19.559999465942383,7937400.0,14.675085067749023
2011-08-08,19.329999923706055,16.84000015258789,18.899999618530273,16.93000030517578,12668100.0,12.701896667480469
2011-08-09,18.700000762939453,17.139999389648438,17.479999542236328,18.690000534057617,10264500.0,14.022356986999512
2011-08-10,18.260000228881836,16.579999923706055,18.06999969482422,16.6200008392334,11922600.0,12.469317436218262
2011-08-11,18.3799991607666,16.520000457763672,16.729999542236328,18.200000762939453,8676800.0,13.654728889465332
2011-08-12,18.770000457763672,17.709999084472656,18.290000915527344,17.770000457763672,6685600.0,13.332117080688477
2011-08-15,18.3799991607666,17.950000762939453,17.979999542236328,18.329999923706055,5343300.0,13.752259254455566
2011-08-16,18.489999771118164,17.81999969482422,18.040000915527344,17.93000030517578,5407000.0,13.45215892791748
2011-08-17,18.200000762939453,17.709999084472656,18.040000915527344,17.860000610351562,3581800.0,13.399640083312988
2011-08-18,17.049999237060547,16.0,16.93000030517578,16.219999313354492,9922400.0,12.253256797790527
2011-08-19,16.850000381469727,15.880000114440918,15.880000114440918,16.110000610351562,7326600.0,12.170158386230469
2011-08-22,16.68000030517578,15.75,16.610000610351562,16.010000228881836,5793500.0,12.09461784362793
2011-08-23,17.100000381469727,15.779999732971191,16.06999969482422,17.100000381469727,6579700.0,12.918045043945312
2011-08-24,17.809999465942383,16.8799991607666,17.059999465942383,17.780000686645508,8750000.0,13.431744575500488
2011-08-25,18.450000762939453,16.799999237060547,17.940000534057617,17.049999237060547,8544500.0,12.88027572631836
2011-08-26,17.399999618530273,16.280000686645508,16.75,17.079999923706055,7472200.0,12.902933120727539
2011-08-29,18.1299991607666,17.440000534057617,17.440000534057617,18.110000610351562,3065900.0,13.68104362487793
2011-08-30,18.209999084472656,17.690000534057617,17.979999542236328,17.940000534057617,4610600.0,13.552621841430664
2011-08-31,18.579999923706055,18.030000686645508,18.06999969482422,18.299999237060547,4587000.0,13.824575424194336
2011-09-01,18.469999313354492,17.979999542236328,18.34000015258789,18.09000015258789,5648300.0,13.665929794311523
2011-09-02,17.6299991607666,16.959999084472656,17.6200008392334,17.010000228881836,4436400.0,12.850055694580078
2011-09-06,16.8799991607666,16.09000015258789,16.18000030517578,16.829999923706055,5846400.0,12.71407699584961
2011-09-07,18.059999465942383,17.149999618530273,17.229999542236328,17.959999084472656,5780000.0,13.567726135253906
2011-09-08,17.90999984741211,17.25,17.639999389648438,17.25,3623300.0,13.03136157989502
2011-09-09,17.09000015258789,16.360000610351562,16.959999084472656,16.459999084472656,6513100.0,12.43455982208252
2011-09-12,16.65999984741211,15.890000343322754,16.239999771118164,16.6200008392334,5526800.0,12.555435180664062
2011-09-13,16.989999771118164,16.43000030517578,16.719999313354492,16.700000762939453,7046800.0,12.615866661071777
2011-09-14,17.65999984741211,16.479999542236328,16.920000076293945,17.43000030517578,6886200.0,13.167343139648438
2011-09-15,18.40999984741211,17.559999465942383,17.700000762939453,18.40999984741211,9428700.0,13.907672882080078
2011-09-16,18.670000076293945,17.81999969482422,18.299999237060547,18.670000076293945,9235500.0,14.104085922241211
2011-09-19,18.18000030517578,17.520000457763672,18.139999389648438,18.020000457763672,5612200.0,13.613057136535645
2011-09-20,18.3799991607666,17.829999923706055,18.09000015258789,17.84000015258789,4721200.0,13.477073669433594
2011-09-21,18.15999984741211,16.8700008392334,17.989999771118164,16.899999618530273,7086800.0,12.766955375671387
2011-09-22,16.520000457763672,15.59000015258789,16.280000686645508,15.90999984741211,11978400.0,12.019072532653809
2011-09-23,16.079999923706055,15.59000015258789,15.850000381469727,15.779999732971191,9076200.0,11.920863151550293
2011-09-26,16.350000381469727,15.399999618530273,16.040000915527344,16.34000015258789,7065700.0,12.343910217285156
2011-09-27,17.170000076293945,16.329999923706055,16.920000076293945,16.530000686645508,9112000.0,12.487442970275879
2011-09-28,16.760000228881836,15.8100004196167,16.65999984741211,15.829999923706055,8066100.0,11.958635330200195
2011-09-29,16.780000686645508,15.899999618530273,16.299999237060547,16.459999084472656,6999400.0,12.43455982208252
2011-09-30,16.149999618530273,15.449999809265137,16.110000610351562,15.510000228881836,8527600.0,11.716896057128906
2011-10-03,15.619999885559082,14.84000015258789,15.390000343322754,14.850000381469727,9420800.0,11.218301773071289
2011-10-04,15.979999542236328,14.520000457763672,14.529999732971191,15.9399995803833,9900000.0,12.04173469543457
2011-10-05,16.540000915527344,15.770000457763672,15.949999809265137,16.40999984741211,6314400.0,12.396790504455566
2011-10-06,16.8799991607666,15.949999809265137,16.110000610351562,16.8700008392334,7065200.0,12.744295120239258
2011-10-07,17.1200008392334,15.880000114440918,17.09000015258789,16.200000762939453,7943700.0,12.238149642944336
2011-10-10,17.1200008392334,16.65999984741211,16.68000030517578,17.110000610351562,6889500.0,12.925600051879883
2011-10-11,17.1299991607666,16.770000457763672,16.889999389648438,16.940000534057617,7045600.0,12.7971773147583
2011-10-12,18.219999313354492,17.200000762939453,17.229999542236328,17.979999542236328,9878700.0,13.582834243774414
2011-10-13,17.850000381469727,17.059999465942383,17.709999084472656,17.700000762939453,8139100.0,13.371312141418457
2011-10-14,18.34000015258789,17.829999923706055,18.049999237060547,18.149999618530273,4921100.0,13.711255073547363
2011-10-17,18.030000686645508,17.5,17.940000534057617,17.549999237060547,6443800.0,13.257993698120117
2011-10-18,18.610000610351562,17.489999771118164,17.649999618530273,18.40999984741211,7608400.0,13.907672882080078
2011-10-19,18.540000915527344,17.709999084472656,18.399999618530273,17.780000686645508,4091900.0,13.431744575500488
2011-10-20,18.219999313354492,17.510000228881836,17.799999237060547,18.09000015258789,4783400.0,13.665929794311523
2011-10-21,18.84000015258789,18.25,18.399999618530273,18.739999771118164,8823300.0,14.156966209411621
2011-10-24,19.809999465942383,18.760000228881836,18.760000228881836,19.670000076293945,7107600.0,14.859527587890625
2011-10-25,19.600000381469727,18.739999771118164,19.34000015258789,18.799999237060547,6778500.0,14.202293395996094
2011-10-26,19.399999618530273,18.829999923706055,19.25,19.219999313354492,8047100.0,14.519577980041504
2011-10-27,21.329999923706055,20.40999984741211,20.510000228881836,20.84000015258789,10873800.0,15.743393898010254
2011-10-28,21.100000381469727,20.489999771118164,20.729999542236328,20.899999618530273,5522700.0,15.788722038269043
2011-10-31,20.450000762939453,20.059999465942383,20.40999984741211,20.06999969482422,6873100.0,15.16170883178711
2011-11-01,19.360000610351562,18.760000228881836,18.959999084472656,18.81999969482422,7681800.0,14.217405319213867
2011-11-02,19.790000915527344,19.170000076293945,19.389999389648438,19.579999923706055,4714300.0,14.791540145874023
2011-11-03,20.579999923706055,19.360000610351562,20.1200008392334,20.450000762939453,6720400.0,15.44877815246582
2011-11-04,20.290000915527344,19.780000686645508,20.15999984741211,20.030000686645508,4351100.0,15.13149356842041
2011-11-07,20.260000228881836,19.530000686645508,20.049999237060547,19.959999084472656,4576100.0,15.078604698181152
2011-11-08,20.450000762939453,19.84000015258789,20.18000030517578,20.280000686645508,6449900.0,15.320353507995605
2011-11-09,19.639999389648438,18.860000610351562,19.6200008392334,18.940000534057617,5751900.0,14.30805778503418
2011-11-10,19.940000534057617,19.309999465942383,19.600000381469727,19.739999771118164,5785000.0,14.912412643432617
2011-11-11,20.5,20.100000381469727,20.149999618530273,20.34000015258789,3687200.0,15.365679740905762
2011-11-14,20.290000915527344,19.760000228881836,20.149999618530273,20.100000381469727,5486300.0,15.184369087219238
2011-11-15,20.43000030517578,19.84000015258789,19.920000076293945,20.270000457763672,3614400.0,15.312796592712402
2011-11-16,20.270000457763672,19.65999984741211,19.860000610351562,19.68000030517578,4256000.0,14.957480430603027
2011-11-17,19.739999771118164,19.049999237060547,19.6200008392334,19.299999237060547,5802000.0,14.668664932250977
2011-11-18,19.6299991607666,19.239999771118164,19.459999084472656,19.389999389648438,3400900.0,14.737071990966797
2011-11-21,19.010000228881836,18.399999618530273,18.940000534057617,18.639999389648438,6000900.0,14.167041778564453
2011-11-22,18.709999084472656,18.209999084472656,18.5,18.229999542236328,5873900.0,13.855427742004395
2011-11-23,18.229999542236328,17.799999237060547,17.93000030517578,17.799999237060547,5223000.0,13.528613090515137
2011-11-25,18.18000030517578,17.709999084472656,17.780000686645508,17.90999984741211,1661200.0,13.612215995788574
2011-11-28,19.280000686645508,18.65999984741211,18.709999084472656,18.860000610351562,5385600.0,14.334251403808594
2011-11-29,19.09000015258789,18.700000762939453,18.93000030517578,18.969999313354492,3631600.0,14.417856216430664
2011-11-30,20.329999923706055,19.739999771118164,19.8799991607666,20.25,6531100.0,15.390698432922363
2011-12-01,20.350000381469727,19.84000015258789,20.06999969482422,20.229999542236328,3156300.0,15.375494956970215
2011-12-02,21.0,20.100000381469727,20.510000228881836,20.280000686645508,6221800.0,15.413500785827637
2011-12-05,20.93000030517578,20.420000076293945,20.75,20.709999084472656,3769000.0,15.740310668945312
2011-12-06,20.889999389648438,20.459999084472656,20.670000076293945,20.670000076293945,3147300.0,15.709912300109863
2011-12-07,21.049999237060547,20.260000228881836,20.440000534057617,20.959999084472656,2902400.0,15.930320739746094
2011-12-08,20.809999465942383,20.09000015258789,20.709999084472656,20.170000076293945,3932100.0,15.329893112182617
2011-12-09,20.84000015258789,20.25,20.299999237060547,20.780000686645508,4312900.0,15.79351806640625
2011-12-12,20.3700008392334,19.780000686645508,20.3700008392334,20.020000457763672,3743000.0,15.215887069702148
2011-12-13,20.34000015258789,18.989999771118164,20.229999542236328,19.31999969482422,6613700.0,14.683865547180176
2011-12-14,19.34000015258789,18.940000534057617,19.110000610351562,19.110000610351562,4873500.0,14.524260520935059
2011-12-15,19.440000534057617,19.010000228881836,19.440000534057617,19.040000915527344,3406400.0,14.471061706542969
2011-12-16,19.5,19.040000915527344,19.209999084472656,19.239999771118164,6247000.0,14.623063087463379
2011-12-19,19.3700008392334,18.549999237060547,19.329999923706055,18.670000076293945,4801900.0,14.189845085144043
2011-12-20,19.6299991607666,19.15999984741211,19.15999984741211,19.600000381469727,3918400.0,14.896675109863281
2011-12-21,19.809999465942383,19.299999237060547,19.600000381469727,19.65999984741211,3946600.0,14.942278861999512
2011-12-22,19.90999984741211,19.649999618530273,19.809999465942383,19.899999618530273,3653700.0,15.124685287475586
2011-12-23,20.270000457763672,19.8799991607666,20.049999237060547,20.219999313354492,1896000.0,15.367898941040039
2011-12-27,20.350000381469727,20.030000686645508,20.079999923706055,20.100000381469727,1295400.0,15.276698112487793
2011-12-28,20.170000076293945,19.639999389648438,20.170000076293945,19.670000076293945,1960600.0,14.94987964630127
2011-12-29,20.200000762939453,19.670000076293945,19.780000686645508,20.100000381469727,2339800.0,15.276698112487793
2011-12-30,20.200000762939453,20.0,20.1299991607666,20.09000015258789,1431800.0,15.269091606140137
2012-01-03,21.030000686645508,20.520000457763672,20.65999984741211,20.559999465942383,3608300.0,15.62630844116211
2012-01-04,20.459999084472656,20.15999984741211,20.399999618530273,20.350000381469727,4441200.0,15.466705322265625
2012-01-05,20.6200008392334,19.920000076293945,20.1200008392334,20.56999969482422,5663100.0,15.633912086486816
2012-01-06,21.079999923706055,20.559999465942383,20.799999237060547,20.770000457763672,3651000.0,15.785917282104492
2012-01-09,20.979999542236328,20.729999542236328,20.84000015258789,20.889999389648438,2481500.0,15.877120971679688
2012-01-10,21.75,21.260000228881836,21.280000686645508,21.6200008392334,4627600.0,16.431943893432617
2012-01-11,21.520000457763672,21.190000534057617,21.479999542236328,21.290000915527344,5471100.0,16.181129455566406
2012-01-12,22.0,21.440000534057617,21.440000534057617,21.719999313354492,6467100.0,16.507953643798828
2012-01-13,21.65999984741211,20.989999771118164,21.510000228881836,21.6200008392334,3678900.0,16.431943893432617
2012-01-17,22.209999084472656,21.540000915527344,22.049999237060547,21.6299991607666,2792200.0,16.439544677734375
2012-01-18,22.010000228881836,21.420000076293945,21.549999237060547,21.969999313354492,3277300.0,16.697959899902344
2012-01-19,22.329999923706055,22.049999237060547,22.100000381469727,22.170000076293945,3744600.0,16.8499698638916
2012-01-20,22.459999084472656,22.040000915527344,22.15999984741211,22.440000534057617,3941100.0,17.055179595947266
2012-01-23,22.59000015258789,22.25,22.459999084472656,22.399999618530273,3013100.0,17.02477264404297
2012-01-24,22.43000030517578,22.1200008392334,22.1200008392334,22.389999389648438,3161600.0,17.01717185974121
2012-01-25,22.350000381469727,22.079999923706055,22.350000381469727,22.18000030517578,4073500.0,16.85756492614746
2012-01-26,23.0,22.40999984741211,22.40999984741211,22.780000686645508,4816000.0,17.31358528137207
2012-01-27,23.309999465942383,22.65999984741211,22.65999984741211,22.989999771118164,5641500.0,17.47319793701172
2012-01-30,22.860000610351562,22.540000915527344,22.649999618530273,22.549999237060547,5432800.0,17.138771057128906
2012-01-31,22.829999923706055,22.31999969482422,22.780000686645508,22.56999969482422,3620400.0,17.153980255126953
2012-02-01,23.260000228881836,22.709999084472656,22.829999923706055,23.18000030517578,3014900.0,17.617595672607422
2012-02-02,23.309999465942383,22.950000762939453,23.18000030517578,23.149999618530273,2891000.0,17.59479522705078
2012-02-03,23.90999984741211,23.440000534057617,23.540000915527344,23.8799991607666,5614500.0,18.14962387084961
2012-02-06,24.049999237060547,23.549999237060547,23.68000030517578,23.889999389648438,3762500.0,18.1572265625
2012-02-07,24.31999969482422,23.5,23.65999984741211,24.280000686645508,4598400.0,18.453638076782227
2012-02-08,24.40999984741211,24.190000534057617,24.260000228881836,24.31999969482422,4861600.0,18.484037399291992
2012-02-09,24.649999618530273,24.290000915527344,24.479999542236328,24.440000534057617,5161500.0,18.575241088867188
2012-02-10,24.3799991607666,24.010000228881836,24.100000381469727,24.100000381469727,3552700.0,18.31683349609375
2012-02-13,24.56999969482422,24.190000534057617,24.440000534057617,24.360000610351562,2536700.0,18.51443862915039
2012-02-14,24.200000762939453,23.780000686645508,24.200000762939453,23.950000762939453,3676900.0,18.20282745361328
2012-02-15,24.209999084472656,23.729999542236328,24.1299991607666,23.850000381469727,2911700.0,18.126821517944336
2012-02-16,24.75,23.799999237060547,23.850000381469727,24.729999542236328,4735000.0,18.795658111572266
2012-02-17,24.940000534057617,24.600000381469727,24.8700008392334,24.700000762939453,3664500.0,18.772851943969727
2012-02-21,24.959999084472656,24.700000762939453,24.770000457763672,24.799999237060547,4427200.0,18.942800521850586
2012-02-22,24.979999542236328,24.68000030517578,24.809999465942383,24.760000228881836,4164500.0,18.912250518798828
2012-02-23,24.989999771118164,24.559999465942383,24.670000076293945,24.950000762939453,3086600.0,19.0573787689209
2012-02-24,25.0,24.760000228881836,24.989999771118164,24.8799991607666,2705900.0,19.00390625
2012-02-27,24.959999084472656,24.440000534057617,24.690000534057617,24.770000457763672,3526100.0,18.919885635375977
2012-02-28,25.110000610351562,24.729999542236328,24.84000015258789,24.959999084472656,5238200.0,19.065011978149414
2012-02-29,25.200000762939453,24.649999618530273,24.950000762939453,24.770000457763672,4367900.0,18.919885635375977
2012-03-01,25.06999969482422,24.43000030517578,24.559999465942383,24.8799991607666,3185800.0,19.00390625
2012-03-02,25.040000915527344,24.770000457763672,24.81999969482422,24.770000457763672,2467800.0,18.919885635375977
2012-03-05,24.6299991607666,24.239999771118164,24.600000381469727,24.420000076293945,3849800.0,18.65254783630371
2012-03-06,24.139999389648438,23.760000228881836,24.0,23.8799991607666,3871400.0,18.240081787109375
2012-03-07,24.309999465942383,23.940000534057617,24.040000915527344,24.260000228881836,3010300.0,18.53034019470215
2012-03-08,24.670000076293945,24.34000015258789,24.540000915527344,24.600000381469727,2523100.0,18.790040969848633
2012-03-09,25.0,24.420000076293945,24.450000762939453,24.8700008392334,2832500.0,18.99627113342285
2012-03-12,25.059999465942383,24.709999084472656,24.860000610351562,25.059999465942383,3735300.0,19.141395568847656
2012-03-13,26.0,25.030000686645508,25.15999984741211,25.989999771118164,5741700.0,19.85175323486328
2012-03-14,26.040000915527344,25.639999389648438,25.950000762939453,25.969999313354492,4705700.0,19.836477279663086
2012-03-15,26.469999313354492,25.760000228881836,26.0,26.3700008392334,3644900.0,20.142004013061523
2012-03-16,26.43000030517578,26.0,26.3700008392334,26.139999389648438,4614700.0,19.96632194519043
2012-03-19,26.56999969482422,25.959999084472656,26.079999923706055,26.299999237060547,3929400.0,20.08853530883789
2012-03-20,26.219999313354492,25.799999237060547,26.09000015258789,26.059999465942383,2429900.0,19.905216217041016
2012-03-21,26.520000457763672,26.049999237060547,26.15999984741211,26.3799991607666,4895000.0,20.149642944335938
2012-03-22,26.219999313354492,25.719999313354492,26.139999389648438,25.780000686645508,4782800.0,19.69134521484375
2012-03-23,26.3799991607666,25.739999771118164,25.829999923706055,26.290000915527344,4179800.0,20.080896377563477
2012-03-26,26.84000015258789,26.459999084472656,26.59000015258789,26.84000015258789,4295100.0,20.501001358032227
2012-03-27,26.940000534057617,26.469999313354492,26.889999389648438,26.469999313354492,3035800.0,20.218387603759766
2012-03-28,26.600000381469727,25.959999084472656,26.459999084472656,26.309999465942383,2694700.0,20.096176147460938
2012-03-29,26.219999313354492,25.889999389648438,26.049999237060547,26.1299991607666,3306500.0,19.958688735961914
2012-03-30,26.68000030517578,26.049999237060547,26.360000610351562,26.670000076293945,4102100.0,20.371150970458984
2012-04-02,26.899999618530273,26.3799991607666,26.56999969482422,26.770000457763672,3403200.0,20.447534561157227
2012-04-03,26.760000228881836,26.360000610351562,26.6299991607666,26.59000015258789,3097900.0,20.310047149658203
2012-04-04,26.59000015258789,25.93000030517578,26.260000228881836,25.979999542236328,3700600.0,19.844106674194336
2012-04-05,26.1299991607666,25.6299991607666,25.84000015258789,26.020000457763672,3806400.0,19.874670028686523
2012-04-09,25.540000915527344,25.09000015258789,25.540000915527344,25.190000534057617,4929900.0,19.240692138671875
2012-04-10,25.260000228881836,24.420000076293945,25.149999618530273,24.450000762939453,7183800.0,18.675464630126953
2012-04-11,25.040000915527344,24.68000030517578,24.940000534057617,24.809999465942383,6840800.0,18.950437545776367
2012-04-12,25.440000534057617,24.860000610351562,24.8799991607666,25.3700008392334,4271100.0,19.37818717956543
2012-04-13,25.360000610351562,24.709999084472656,25.31999969482422,24.709999084472656,3161800.0,18.87405776977539
2012-04-16,25.139999389648438,24.469999313354492,24.989999771118164,24.68000030517578,2777500.0,18.85114288330078
2012-04-17,25.309999465942383,24.760000228881836,24.950000762939453,25.06999969482422,4205600.0,19.149036407470703
2012-04-18,24.899999618530273,24.469999313354492,24.899999618530273,24.5,5376100.0,18.713655471801758
2012-04-19,24.639999389648438,24.149999618530273,24.56999969482422,24.290000915527344,3958900.0,18.553255081176758
2012-04-20,24.530000686645508,24.15999984741211,24.440000534057617,24.18000030517578,3493800.0,18.46923065185547
2012-04-23,23.770000457763672,23.549999237060547,23.65999984741211,23.719999313354492,4722800.0,18.117877960205078
2012-04-24,24.170000076293945,23.690000534057617,23.829999923706055,24.030000686645508,3558000.0,18.35466194152832
2012-04-25,24.5,24.1299991607666,24.290000915527344,24.450000762939453,3616000.0,18.675464630126953
2012-04-26,25.190000534057617,24.149999618530273,24.440000534057617,25.059999465942383,5374700.0,19.141395568847656
2012-04-27,25.239999771118164,24.780000686645508,25.15999984741211,25.100000381469727,4041000.0,19.17194938659668
2012-04-30,25.040000915527344,24.670000076293945,25.0,24.84000015258789,3724800.0,18.97334861755371
2012-05-01,25.469999313354492,24.65999984741211,24.81999969482422,25.18000030517578,4841300.0,19.23305892944336
2012-05-02,24.950000762939453,24.649999618530273,24.93000030517578,24.75,3882700.0,18.904605865478516
2012-05-03,24.950000762939453,24.270000457763672,24.739999771118164,24.34000015258789,5531200.0,18.591445922851562
2012-05-04,24.25,23.68000030517578,24.170000076293945,23.700000762939453,6318500.0,18.102596282958984
2012-05-07,23.8799991607666,23.549999237060547,23.610000610351562,23.6299991607666,4781200.0,18.049129486083984
2012-05-08,23.579999923706055,23.030000686645508,23.350000381469727,23.420000076293945,7164100.0,17.888723373413086
2012-05-09,23.469999313354492,23.0,23.020000457763672,23.229999542236328,4850000.0,17.74359893798828
2012-05-10,23.459999084472656,22.639999389648438,23.40999984741211,22.739999771118164,9476400.0,17.36933135986328
2012-05-11,23.360000610351562,22.329999923706055,22.43000030517578,23.25,7759900.0,17.75887680053711
2012-05-14,22.979999542236328,22.540000915527344,22.81999969482422,22.559999465942383,5078700.0,17.231840133666992
2012-05-15,22.709999084472656,22.399999618530273,22.579999923706055,22.489999771118164,3299700.0,17.178375244140625
2012-05-16,22.56999969482422,22.059999465942383,22.56999969482422,22.059999465942383,4911200.0,16.980167388916016
2012-05-17,22.06999969482422,21.549999237060547,22.06999969482422,21.610000610351562,5611700.0,16.633787155151367
2012-05-18,21.780000686645508,21.06999969482422,21.690000534057617,21.1299991607666,5118700.0,16.26432228088379
2012-05-21,21.510000228881836,21.040000915527344,21.15999984741211,21.479999542236328,5118900.0,16.53372573852539
2012-05-22,21.81999969482422,21.149999618530273,21.6200008392334,21.360000610351562,7857400.0,16.44135856628418
2012-05-23,21.639999389648438,20.739999771118164,21.149999618530273,21.6299991607666,6988600.0,16.649187088012695
2012-05-24,21.950000762939453,21.3799991607666,21.790000915527344,21.600000381469727,4801500.0,16.626096725463867
2012-05-25,21.899999618530273,21.510000228881836,21.649999618530273,21.540000915527344,3920800.0,16.579914093017578
2012-05-29,22.030000686645508,21.709999084472656,21.81999969482422,21.959999084472656,5239500.0,16.903196334838867
2012-05-30,21.729999542236328,21.450000762939453,21.639999389648438,21.549999237060547,3755700.0,16.587610244750977
2012-05-31,21.920000076293945,21.31999969482422,21.559999465942383,21.75,4515800.0,16.741554260253906
2012-06-01,21.329999923706055,20.850000381469727,21.059999465942383,20.850000381469727,6633000.0,16.048797607421875
2012-06-04,21.0,20.59000015258789,20.860000610351562,20.790000915527344,3607900.0,16.002614974975586
2012-06-05,21.579999923706055,20.690000534057617,20.709999084472656,21.540000915527344,4149100.0,16.579914093017578
2012-06-06,22.459999084472656,21.690000534057617,21.809999465942383,22.459999084472656,4945500.0,17.288055419921875
2012-06-07,23.020000457763672,22.399999618530273,22.829999923706055,22.479999542236328,5594700.0,17.303451538085938
2012-06-08,22.84000015258789,22.010000228881836,22.329999923706055,22.81999969482422,5626600.0,17.56515884399414
2012-06-11,23.1200008392334,22.31999969482422,23.100000381469727,22.350000381469727,2932500.0,17.203392028808594
2012-06-12,22.18000030517578,21.489999771118164,22.040000915527344,21.969999313354492,10544500.0,16.91089630126953
2012-06-13,22.06999969482422,21.559999465942383,21.860000610351562,21.65999984741211,3954600.0,16.672279357910156
2012-06-14,22.059999465942383,21.639999389648438,21.739999771118164,21.90999984741211,6743700.0,16.864704132080078
2012-06-15,22.15999984741211,21.8700008392334,22.049999237060547,22.030000686645508,7214700.0,16.957075119018555
2012-06-18,21.8799991607666,21.68000030517578,21.850000381469727,21.790000915527344,5140000.0,16.772340774536133
2012-06-19,22.540000915527344,21.8700008392334,22.0,22.360000610351562,4993500.0,17.211084365844727
2012-06-20,22.479999542236328,22.040000915527344,22.31999969482422,22.200000762939453,4652600.0,17.087932586669922
2012-06-21,22.59000015258789,21.489999771118164,22.350000381469727,21.520000457763672,4951300.0,16.56452178955078
2012-06-22,21.850000381469727,21.489999771118164,21.75,21.719999313354492,5253500.0,16.718460083007812
2012-06-25,21.360000610351562,21.030000686645508,21.360000610351562,21.18000030517578,2964200.0,16.30280876159668
2012-06-26,21.600000381469727,21.0,21.229999542236328,21.489999771118164,4052600.0,16.541419982910156
2012-06-27,21.68000030517578,21.350000381469727,21.549999237060547,21.6200008392334,3418700.0,16.64149284362793
2012-06-28,21.809999465942383,21.280000686645508,21.329999923706055,21.809999465942383,3312700.0,16.787736892700195
2012-06-29,22.610000610351562,22.260000228881836,22.459999084472656,22.600000381469727,3949600.0,17.395814895629883
2012-07-02,22.729999542236328,22.350000381469727,22.6200008392334,22.559999465942383,3320500.0,17.365032196044922
2012-07-03,23.010000228881836,22.450000762939453,22.549999237060547,22.8799991607666,1607300.0,17.611339569091797
2012-07-05,22.729999542236328,22.219999313354492,22.719999313354492,22.260000228881836,5055400.0,17.134111404418945
2012-07-06,22.31999969482422,21.790000915527344,21.889999389648438,22.139999389648438,5016500.0,17.041748046875
2012-07-09,22.100000381469727,21.700000762939453,22.020000457763672,21.8799991607666,3604600.0,16.841617584228516
2012-07-10,22.299999237060547,21.850000381469727,21.979999542236328,22.030000686645508,4380500.0,16.957075119018555
2012-07-11,22.309999465942383,21.8799991607666,22.020000457763672,22.190000534057617,4086500.0,17.080230712890625
2012-07-12,21.979999542236328,21.709999084472656,21.950000762939453,21.8700008392334,2806900.0,16.833919525146484
2012-07-13,22.709999084472656,21.920000076293945,21.940000534057617,22.649999618530273,2670500.0,17.43430519104004
2012-07-16,22.579999923706055,21.90999984741211,22.530000686645508,22.110000610351562,4273300.0,17.018657684326172
2012-07-17,22.3799991607666,21.940000534057617,22.34000015258789,22.1299991607666,4547500.0,17.034048080444336
2012-07-18,22.399999618530273,21.93000030517578,21.969999313354492,22.31999969482422,2911900.0,17.180295944213867
2012-07-19,22.510000228881836,22.040000915527344,22.360000610351562,22.34000015258789,4286500.0,17.195690155029297
2012-07-20,22.280000686645508,21.489999771118164,22.260000228881836,21.540000915527344,4345600.0,16.579914093017578
2012-07-23,21.389999389648438,20.860000610351562,21.139999389648438,21.209999084472656,4121300.0,16.325899124145508
2012-07-24,21.229999542236328,20.559999465942383,21.200000762939453,20.690000534057617,9817400.0,15.92564582824707
2012-07-25,20.969999313354492,20.489999771118164,20.90999984741211,20.489999771118164,5631700.0,15.771696090698242
2012-07-26,21.530000686645508,20.809999465942383,21.09000015258789,20.90999984741211,14439800.0,16.094982147216797
2012-07-27,22.290000915527344,21.059999465942383,21.100000381469727,22.1200008392334,7835500.0,17.02635383605957
2012-07-30,22.360000610351562,22.020000457763672,22.049999237060547,22.270000457763672,5938300.0,17.14181137084961
2012-07-31,22.309999465942383,22.010000228881836,22.15999984741211,22.1299991607666,5667200.0,17.034048080444336
2012-08-01,22.469999313354492,21.8799991607666,22.299999237060547,21.899999618530273,4032300.0,16.85701560974121
2012-08-02,21.739999771118164,20.799999237060547,21.68000030517578,21.709999084472656,5927400.0,16.710765838623047
2012-08-03,22.75,22.049999237060547,22.139999389648438,22.610000610351562,4087400.0,17.40351676940918
2012-08-06,22.8700008392334,22.489999771118164,22.68000030517578,22.520000457763672,3521300.0,17.334239959716797
2012-08-07,23.200000762939453,22.700000762939453,22.719999313354492,23.110000610351562,3519700.0,17.78837776184082
2012-08-08,23.229999542236328,22.989999771118164,23.139999389648438,23.110000610351562,2826100.0,17.78837776184082
2012-08-09,23.670000076293945,23.049999237060547,23.049999237060547,23.59000015258789,6152500.0,18.157852172851562
2012-08-10,23.75,23.459999084472656,23.6299991607666,23.700000762939453,4225900.0,18.242517471313477
2012-08-13,23.81999969482422,23.549999237060547,23.56999969482422,23.739999771118164,2758600.0,18.273313522338867
2012-08-14,23.959999084472656,23.579999923706055,23.959999084472656,23.6299991607666,3328300.0,18.188640594482422
2012-08-15,23.850000381469727,23.530000686645508,23.670000076293945,23.790000915527344,2545900.0,18.311798095703125
2012-08-16,24.15999984741211,23.68000030517578,23.790000915527344,24.059999465942383,3290000.0,18.519622802734375
2012-08-17,24.15999984741211,23.90999984741211,24.15999984741211,24.040000915527344,2367600.0,18.504230499267578
2012-08-20,23.899999618530273,23.579999923706055,23.8799991607666,23.799999237060547,2188000.0,18.451892852783203
2012-08-21,24.229999542236328,23.809999465942383,23.920000076293945,23.889999389648438,3925500.0,18.521669387817383
2012-08-22,23.979999542236328,23.6200008392334,23.780000686645508,23.920000076293945,3682200.0,18.5449275970459
2012-08-23,23.959999084472656,23.649999618530273,23.850000381469727,23.65999984741211,2675200.0,18.343355178833008
2012-08-24,23.850000381469727,23.5,23.56999969482422,23.799999237060547,1777500.0,18.451892852783203
2012-08-27,23.90999984741211,23.610000610351562,23.899999618530273,23.649999618530273,1712000.0,18.33559799194336
2012-08-28,23.93000030517578,23.459999084472656,23.510000228881836,23.829999923706055,2486700.0,18.475154876708984
2012-08-29,24.030000686645508,23.670000076293945,23.850000381469727,23.700000762939453,3022900.0,18.374364852905273
2012-08-30,23.600000381469727,23.34000015258789,23.520000457763672,23.489999771118164,2026500.0,18.211559295654297
2012-08-31,23.8799991607666,23.549999237060547,23.690000534057617,23.68000030517578,2728600.0,18.358854293823242
2012-09-04,23.989999771118164,23.530000686645508,23.6200008392334,23.81999969482422,2949000.0,18.467405319213867
2012-09-05,23.959999084472656,23.610000610351562,23.81999969482422,23.850000381469727,3699600.0,18.490657806396484
2012-09-06,24.799999237060547,24.010000228881836,24.100000381469727,24.770000457763672,3987800.0,19.20392608642578
2012-09-07,25.059999465942383,24.780000686645508,24.860000610351562,25.010000228881836,3195000.0,19.389995574951172
2012-09-10,24.989999771118164,24.559999465942383,24.690000534057617,24.600000381469727,2577300.0,19.07213020324707
2012-09-11,24.979999542236328,24.56999969482422,24.600000381469727,24.790000915527344,3439500.0,19.219432830810547
2012-09-12,25.190000534057617,24.93000030517578,24.969999313354492,24.979999542236328,3013400.0,19.36673927307129
2012-09-13,25.739999771118164,24.790000915527344,25.100000381469727,25.649999618530273,4387500.0,19.886180877685547
2012-09-14,26.25,25.760000228881836,25.90999984741211,25.81999969482422,5850300.0,20.017980575561523
2012-09-17,26.0,25.649999618530273,25.860000610351562,25.850000381469727,3213000.0,20.04123878479004
2012-09-18,25.84000015258789,25.540000915527344,25.799999237060547,25.709999084472656,2380500.0,19.932697296142578
2012-09-19,25.799999237060547,25.579999923706055,25.709999084472656,25.579999923706055,2002000.0,19.831912994384766
2012-09-20,25.520000457763672,25.1299991607666,25.360000610351562,25.459999084472656,2387100.0,19.738876342773438
2012-09-21,25.75,25.389999389648438,25.59000015258789,25.389999389648438,2318200.0,19.684602737426758
2012-09-24,25.530000686645508,25.18000030517578,25.219999313354492,25.350000381469727,1964800.0,19.653594970703125
2012-09-25,25.5,24.860000610351562,25.479999542236328,24.860000610351562,2451800.0,19.27370262145996
2012-09-26,24.8700008392334,24.520000457763672,24.860000610351562,24.600000381469727,2886800.0,19.07213020324707
2012-09-27,25.209999084472656,24.6299991607666,24.84000015258789,25.100000381469727,2461900.0,19.459774017333984
2012-09-28,25.09000015258789,24.799999237060547,24.959999084472656,24.989999771118164,2482100.0,19.37448501586914
2012-10-01,25.559999465942383,24.979999542236328,25.209999084472656,25.110000610351562,3699200.0,19.467525482177734
2012-10-02,25.31999969482422,24.90999984741211,25.280000686645508,25.06999969482422,2520200.0,19.43651580810547
2012-10-03,25.420000076293945,24.719999313354492,25.110000610351562,25.3700008392334,3987700.0,19.669103622436523
2012-10-04,25.850000381469727,25.459999084472656,25.56999969482422,25.68000030517578,2817900.0,19.909440994262695
2012-10-05,26.09000015258789,25.399999618530273,25.940000534057617,25.510000228881836,2761100.0,19.77764320373535
2012-10-08,25.6299991607666,25.25,25.31999969482422,25.489999771118164,1902400.0,19.762136459350586
2012-10-09,25.6200008392334,25.18000030517578,25.5,25.18000030517578,3027300.0,19.521799087524414
2012-10-10,25.170000076293945,24.799999237060547,25.020000457763672,24.969999313354492,3114300.0,19.358980178833008
2012-10-11,25.43000030517578,24.920000076293945,25.309999465942383,25.010000228881836,2349700.0,19.389995574951172
2012-10-12,25.0,24.34000015258789,24.969999313354492,24.709999084472656,3172100.0,19.15740966796875
2012-10-15,24.860000610351562,24.510000228881836,24.860000610351562,24.739999771118164,2667700.0,19.1806640625
2012-10-16,25.209999084472656,24.860000610351562,24.920000076293945,25.020000457763672,3869700.0,19.397748947143555
2012-10-17,25.389999389648438,25.030000686645508,25.149999618530273,25.299999237060547,4745600.0,19.61482810974121
2012-10-18,25.3799991607666,24.969999313354492,25.229999542236328,25.190000534057617,3712500.0,19.5295467376709
2012-10-19,25.110000610351562,24.440000534057617,25.09000015258789,24.6299991607666,3076700.0,19.09538459777832
2012-10-22,24.68000030517578,24.15999984741211,24.59000015258789,24.530000686645508,3277300.0,19.017858505249023
2012-10-23,24.149999618530273,23.8700008392334,24.079999923706055,24.059999465942383,3800500.0,18.653470993041992
2012-10-24,24.3799991607666,24.040000915527344,24.209999084472656,24.079999923706055,3068400.0,18.668977737426758
2012-10-25,24.43000030517578,24.020000457763672,24.389999389648438,24.190000534057617,1946300.0,18.754257202148438
2012-10-26,24.329999923706055,23.940000534057617,24.149999618530273,24.25,3034100.0,18.80078125
2012-10-31,24.399999618530273,23.940000534057617,24.389999389648438,24.31999969482422,4291000.0,18.855045318603516
2012-11-01,24.809999465942383,23.829999923706055,24.309999465942383,24.739999771118164,5957500.0,19.1806640625
2012-11-02,24.81999969482422,24.3799991607666,24.729999542236328,24.399999618530273,3603700.0,18.917064666748047
2012-11-05,24.559999465942383,24.1200008392334,24.389999389648438,24.469999313354492,1878300.0,18.971338272094727
2012-11-06,24.780000686645508,24.5,24.5,24.670000076293945,2566000.0,19.12639808654785
2012-11-07,24.280000686645508,23.780000686645508,24.209999084472656,23.899999618530273,4315100.0,18.5294246673584
2012-11-08,24.18000030517578,23.75,23.940000534057617,23.75,2496900.0,18.413131713867188
2012-11-09,24.110000610351562,23.3799991607666,23.6299991607666,23.899999618530273,2911100.0,18.5294246673584
2012-11-12,24.15999984741211,23.889999389648438,23.989999771118164,24.06999969482422,2152100.0,18.661224365234375
2012-11-13,24.280000686645508,23.690000534057617,23.81999969482422,23.940000534057617,3129200.0,18.56043815612793
2012-11-14,24.1299991607666,23.219999313354492,24.049999237060547,23.31999969482422,2897200.0,18.07975959777832
2012-11-15,24.1200008392334,23.06999969482422,23.290000915527344,23.209999084472656,3802700.0,18.12857437133789
2012-11-16,23.649999618530273,22.940000534057617,23.6200008392334,23.399999618530273,4028300.0,18.276979446411133
2012-11-19,24.040000915527344,23.729999542236328,23.75,24.040000915527344,3462800.0,18.77686309814453
2012-11-20,24.260000228881836,23.860000610351562,23.950000762939453,24.25,2653300.0,18.940887451171875
2012-11-21,24.3799991607666,24.079999923706055,24.280000686645508,24.31999969482422,2314200.0,18.995555877685547
2012-11-23,24.84000015258789,24.469999313354492,24.549999237060547,24.829999923706055,1506800.0,19.393905639648438
2012-11-26,24.899999618530273,24.59000015258789,24.600000381469727,24.770000457763672,4796900.0,19.347036361694336
2012-11-27,24.940000534057617,24.65999984741211,24.700000762939453,24.739999771118164,3539200.0,19.3236026763916
2012-11-28,24.81999969482422,24.420000076293945,24.540000915527344,24.780000686645508,2754800.0,19.35485076904297
2012-11-29,25.290000915527344,24.899999618530273,24.959999084472656,25.030000686645508,4875600.0,19.550121307373047
2012-11-30,25.110000610351562,24.850000381469727,25.030000686645508,24.989999771118164,2812300.0,19.51886749267578
2012-12-03,25.15999984741211,24.719999313354492,25.110000610351562,24.75,2778900.0,19.331411361694336
2012-12-04,24.850000381469727,24.56999969482422,24.719999313354492,24.600000381469727,1813500.0,19.214258193969727
2012-12-05,24.690000534057617,24.399999618530273,24.6299991607666,24.459999084472656,3829100.0,19.104902267456055
2012-12-06,24.8700008392334,24.450000762939453,24.5,24.770000457763672,3804500.0,19.347036361694336
2012-12-07,24.959999084472656,24.6299991607666,24.829999923706055,24.860000610351562,2316400.0,19.417333602905273
2012-12-10,24.920000076293945,24.68000030517578,24.799999237060547,24.850000381469727,2254600.0,19.409523010253906
2012-12-11,25.1200008392334,24.8700008392334,24.979999542236328,24.969999313354492,2254100.0,19.503246307373047
2012-12-12,25.549999237060547,25.049999237060547,25.15999984741211,25.420000076293945,4377100.0,19.854732513427734
2012-12-13,25.540000915527344,25.190000534057617,25.40999984741211,25.25,3217900.0,19.72195053100586
2012-12-14,25.520000457763672,25.170000076293945,25.209999084472656,25.459999084472656,3564200.0,19.885974884033203
2012-12-17,25.790000915527344,25.510000228881836,25.600000381469727,25.780000686645508,3997700.0,20.13591194152832
2012-12-18,26.329999923706055,25.799999237060547,25.889999389648438,26.299999237060547,5133400.0,20.542070388793945
2012-12-19,26.3700008392334,26.079999923706055,26.350000381469727,26.079999923706055,3294600.0,20.370229721069336
2012-12-20,26.360000610351562,25.920000076293945,26.1200008392334,26.34000015258789,2710900.0,20.573312759399414
2012-12-21,26.299999237060547,25.850000381469727,25.979999542236328,26.229999542236328,4885900.0,20.487398147583008
2012-12-24,26.3700008392334,26.100000381469727,26.100000381469727,26.260000228881836,778400.0,20.510822296142578
2012-12-26,26.34000015258789,26.06999969482422,26.31999969482422,26.149999618530273,1987200.0,20.424911499023438
2012-12-27,26.219999313354492,25.670000076293945,26.200000762939453,25.969999313354492,2881600.0,20.284320831298828
2012-12-28,26.030000686645508,25.719999313354492,25.739999771118164,25.780000686645508,1714200.0,20.13591194152832
2012-12-31,26.1200008392334,25.59000015258789,25.719999313354492,26.09000015258789,3953700.0,20.378042221069336
2013-01-02,26.979999542236328,26.520000457763672,26.65999984741211,26.959999084472656,4927700.0,21.05757713317871
2013-01-03,27.15999984741211,26.770000457763672,26.959999084472656,27.010000228881836,3910900.0,21.096628189086914
2013-01-04,27.600000381469727,26.860000610351562,27.0,27.559999465942383,5369100.0,21.52621078491211
2013-01-07,27.59000015258789,27.25,27.389999389648438,27.479999542236328,4703700.0,21.463729858398438
2013-01-08,27.43000030517578,27.079999923706055,27.420000076293945,27.229999542236328,2108400.0,21.26846694946289
2013-01-09,27.5,27.299999237060547,27.34000015258789,27.3700008392334,3017900.0,21.3778133392334
2013-01-10,27.6299991607666,27.31999969482422,27.520000457763672,27.559999465942383,2627100.0,21.52621078491211
2013-01-11,27.829999923706055,27.489999771118164,27.549999237060547,27.739999771118164,3362800.0,21.66680908203125
2013-01-14,27.549999237060547,27.049999237060547,27.5,27.34000015258789,4613900.0,21.354381561279297
2013-01-15,27.530000686645508,27.06999969482422,27.15999984741211,27.530000686645508,1741400.0,21.50278091430664
2013-01-16,27.5,27.190000534057617,27.3799991607666,27.229999542236328,2393900.0,21.26846694946289
2013-01-17,27.6299991607666,27.280000686645508,27.469999313354492,27.479999542236328,2628800.0,21.463729858398438
2013-01-18,27.68000030517578,27.270000457763672,27.489999771118164,27.65999984741211,3344900.0,21.604324340820312
2013-01-22,27.889999389648438,27.549999237060547,27.559999465942383,27.889999389648438,3367400.0,21.783967971801758
2013-01-23,27.829999923706055,27.479999542236328,27.829999923706055,27.59000015258789,2792000.0,21.549646377563477
2013-01-24,28.079999923706055,27.549999237060547,27.6299991607666,27.770000457763672,3491500.0,21.690237045288086
2013-01-25,28.260000228881836,27.760000228881836,27.959999084472656,28.200000762939453,3228400.0,22.026094436645508
2013-01-28,28.25,27.770000457763672,28.219999313354492,27.989999771118164,2571000.0,21.86207389831543
2013-01-29,28.389999389648438,27.8700008392334,27.940000534057617,28.329999923706055,4397500.0,22.127641677856445
2013-01-30,28.489999771118164,28.200000762939453,28.239999771118164,28.280000686645508,3918500.0,22.088586807250977
2013-01-31,28.139999389648438,26.739999771118164,27.0,27.25,10622100.0,21.28408432006836
2013-02-01,28.010000228881836,27.0,27.18000030517578,27.770000457763672,7144200.0,21.690237045288086
2013-02-04,27.559999465942383,26.950000762939453,27.549999237060547,27.280000686645508,5283600.0,21.307518005371094
2013-02-05,27.6299991607666,27.139999389648438,27.280000686645508,27.59000015258789,5683300.0,21.549646377563477
2013-02-06,27.549999237060547,27.209999084472656,27.3700008392334,27.5,4113000.0,21.479352951049805
2013-02-07,27.610000610351562,27.030000686645508,27.559999465942383,27.34000015258789,2650400.0,21.354381561279297
2013-02-08,27.540000915527344,27.149999618530273,27.440000534057617,27.309999465942383,3318800.0,21.330947875976562
2013-02-11,27.59000015258789,27.290000915527344,27.360000610351562,27.43000030517578,2707800.0,21.424678802490234
2013-02-12,27.860000610351562,27.469999313354492,27.649999618530273,27.709999084472656,4691100.0,21.64337158203125
2013-02-13,27.850000381469727,27.469999313354492,27.729999542236328,27.6299991607666,2120100.0,21.580894470214844
2013-02-14,27.809999465942383,27.34000015258789,27.450000762939453,27.780000686645508,2606700.0,21.698049545288086
2013-02-15,27.790000915527344,27.1299991607666,27.760000228881836,27.360000610351562,5587000.0,21.369998931884766
2013-02-19,27.690000534057617,27.09000015258789,27.270000457763672,27.65999984741211,3643200.0,21.741397857666016
2013-02-20,27.670000076293945,27.139999389648438,27.56999969482422,27.15999984741211,5226100.0,21.348386764526367
2013-02-21,27.110000610351562,26.229999542236328,27.049999237060547,26.299999237060547,5722900.0,20.672405242919922
2013-02-22,26.610000610351562,26.350000381469727,26.479999542236328,26.59000015258789,5053800.0,20.900354385375977
2013-02-25,26.950000762939453,25.920000076293945,26.770000457763672,25.93000030517578,4946800.0,20.38157844543457
2013-02-26,26.149999618530273,25.459999084472656,26.09000015258789,25.639999389648438,8729300.0,20.153629302978516
2013-02-27,26.559999465942383,25.549999237060547,25.6299991607666,26.440000534057617,5616200.0,20.782447814941406
2013-02-28,26.920000076293945,26.309999465942383,26.3700008392334,26.790000915527344,5528000.0,21.057552337646484
2013-03-01,26.989999771118164,26.239999771118164,26.93000030517578,26.829999923706055,7571900.0,21.08899688720703
2013-03-04,27.549999237060547,26.700000762939453,26.790000915527344,27.459999084472656,7204700.0,21.58419418334961
2013-03-05,27.940000534057617,27.600000381469727,27.700000762939453,27.700000762939453,3957100.0,21.772842407226562
2013-03-06,28.040000915527344,27.719999313354492,27.93000030517578,27.780000686645508,3153100.0,21.83572006225586
2013-03-07,28.040000915527344,27.799999237060547,27.850000381469727,27.940000534057617,3132800.0,21.96147918701172
2013-03-08,28.190000534057617,27.790000915527344,28.1299991607666,28.110000610351562,3038700.0,22.09510612487793
2013-03-11,28.260000228881836,27.850000381469727,28.079999923706055,28.25,2715200.0,22.205150604248047
2013-03-12,28.25,27.989999771118164,28.25,28.1200008392334,2959000.0,22.10296630859375
2013-03-13,28.489999771118164,27.639999389648438,27.709999084472656,28.450000762939453,3274700.0,22.362354278564453
2013-03-14,29.229999542236328,28.43000030517578,28.520000457763672,28.829999923706055,4618900.0,22.661043167114258
2013-03-15,29.200000762939453,28.6200008392334,28.899999618530273,29.1299991607666,5246100.0,22.8968505859375
2013-03-18,29.139999389648438,28.5,28.770000457763672,28.90999984741211,2932900.0,22.723926544189453
2013-03-19,29.1299991607666,28.190000534057617,29.020000457763672,28.350000381469727,5178400.0,22.283754348754883
2013-03-20,28.760000228881836,28.440000534057617,28.600000381469727,28.600000381469727,3234400.0,22.480260848999023
2013-03-21,28.6200008392334,28.200000762939453,28.440000534057617,28.270000457763672,2254100.0,22.22087287902832
2013-03-22,28.43000030517578,28.219999313354492,28.420000076293945,28.389999389648438,1914000.0,22.315195083618164
2013-03-25,28.639999389648438,28.149999618530273,28.56999969482422,28.31999969482422,2521800.0,22.260168075561523
2013-03-26,28.75,28.299999237060547,28.440000534057617,28.739999771118164,2220800.0,22.590301513671875
2013-03-27,28.760000228881836,28.360000610351562,28.5,28.649999618530273,2624000.0,22.519563674926758
2013-03-28,29.0,28.600000381469727,28.690000534057617,28.959999084472656,2768700.0,22.763227462768555
2013-04-01,29.100000381469727,28.299999237060547,28.950000762939453,28.3700008392334,2739600.0,22.29947280883789
2013-04-02,28.84000015258789,28.420000076293945,28.489999771118164,28.829999923706055,2926200.0,22.661043167114258
2013-04-03,28.90999984741211,28.020000457763672,28.90999984741211,28.139999389648438,4465700.0,22.118684768676758
2013-04-04,28.760000228881836,28.149999618530273,28.270000457763672,28.690000534057617,3757000.0,22.551000595092773
2013-04-05,28.420000076293945,27.860000610351562,28.190000534057617,28.3700008392334,4143000.0,22.29947280883789
2013-04-08,28.760000228881836,28.15999984741211,28.360000610351562,28.760000228881836,1965800.0,22.60601806640625
2013-04-09,29.040000915527344,28.690000534057617,28.90999984741211,28.8799991607666,3009700.0,22.700342178344727
2013-04-10,29.940000534057617,29.170000076293945,29.200000762939453,29.8799991607666,4545000.0,23.48636817932129
2013-04-11,30.25,29.729999542236328,29.950000762939453,30.18000030517578,4675600.0,23.7221736907959
2013-04-12,30.219999313354492,29.959999084472656,30.030000686645508,30.1299991607666,3255100.0,23.682872772216797
2013-04-15,30.079999923706055,28.920000076293945,29.950000762939453,28.950000762939453,4813000.0,22.755367279052734
2013-04-16,29.510000228881836,29.1299991607666,29.25,29.510000228881836,2387900.0,23.195541381835938
2013-04-17,29.350000381469727,28.459999084472656,29.15999984741211,28.68000030517578,4627400.0,22.543140411376953
2013-04-18,28.760000228881836,28.190000534057617,28.729999542236328,28.31999969482422,2590000.0,22.260168075561523
2013-04-19,28.90999984741211,28.389999389648438,28.479999542236328,28.889999389648438,2368000.0,22.708208084106445
2013-04-22,29.270000457763672,28.610000610351562,28.979999542236328,29.200000762939453,2123100.0,22.951873779296875
2013-04-23,30.079999923706055,29.31999969482422,29.709999084472656,29.690000534057617,4387300.0,23.337026596069336
2013-04-24,29.860000610351562,29.530000686645508,29.770000457763672,29.68000030517578,2232200.0,23.32916259765625
2013-04-25,29.850000381469727,29.56999969482422,29.799999237060547,29.700000762939453,2919200.0,23.344879150390625
2013-04-26,29.729999542236328,29.290000915527344,29.670000076293945,29.549999237060547,3786600.0,23.226978302001953
2013-04-29,29.829999923706055,29.489999771118164,29.729999542236328,29.709999084472656,3789600.0,23.352746963500977
2013-04-30,31.969999313354492,30.540000915527344,31.3799991607666,31.739999771118164,11839000.0,24.948373794555664
2013-05-01,32.220001220703125,31.399999618530273,31.75,31.440000534057617,6662900.0,24.712566375732422
2013-05-02,31.850000381469727,31.510000228881836,31.729999542236328,31.799999237060547,4731300.0,24.99553108215332
2013-05-03,32.77000045776367,32.119998931884766,32.22999954223633,32.459999084472656,4426300.0,25.514301300048828
2013-05-06,32.7400016784668,32.439998626708984,32.47999954223633,32.58000183105469,3715200.0,25.608631134033203
2013-05-07,32.83000183105469,32.459999084472656,32.70000076293945,32.61000061035156,3676500.0,25.632213592529297
2013-05-08,33.029998779296875,32.310001373291016,32.54999923706055,33.0,3096700.0,25.93876075744629
2013-05-09,33.20000076293945,32.7599983215332,33.040000915527344,32.970001220703125,2717300.0,25.915180206298828
2013-05-10,34.15999984741211,33.0099983215332,33.220001220703125,34.11000061035156,10047300.0,26.811243057250977
2013-05-13,34.16999816894531,33.720001220703125,33.88999938964844,34.040000915527344,3953400.0,26.756227493286133
2013-05-14,34.5,34.0,34.040000915527344,34.47999954223633,3392100.0,27.102073669433594
2013-05-15,34.630001068115234,33.86000061035156,34.029998779296875,34.599998474121094,4578600.0,27.375024795532227
2013-05-16,34.880001068115234,34.2400016784668,34.619998931884766,34.29999923706055,4118200.0,27.13767433166504
2013-05-17,34.650001525878906,34.310001373291016,34.5099983215332,34.59000015258789,4662500.0,27.367122650146484
2013-05-20,34.95000076293945,34.5,34.54999923706055,34.599998474121094,2650200.0,27.375024795532227
2013-05-21,34.79999923706055,34.380001068115234,34.61000061035156,34.439998626708984,2810100.0,27.24843978881836
2013-05-22,35.02000045776367,33.880001068115234,34.47999954223633,34.040000915527344,3215200.0,26.931974411010742
2013-05-23,33.650001525878906,33.150001525878906,33.560001373291016,33.540000915527344,5157900.0,26.536386489868164
2013-05-24,33.63999938964844,33.130001068115234,33.310001373291016,33.560001373291016,2477500.0,26.552200317382812
2013-05-28,34.65999984741211,34.099998474121094,34.2400016784668,34.4900016784668,3978300.0,27.288000106811523
2013-05-29,34.459999084472656,33.91999816894531,34.130001068115234,34.16999816894531,3910700.0,27.03482437133789
2013-05-30,34.81999969482422,34.04999923706055,34.189998626708984,34.63999938964844,3097700.0,27.406681060791016
2013-05-31,34.540000915527344,33.7400016784668,34.459999084472656,33.7400016784668,4413700.0,26.694616317749023
2013-06-03,33.79999923706055,32.97999954223633,33.75,33.459999084472656,4006500.0,26.473081588745117
2013-06-04,34.150001525878906,33.18000030517578,33.52000045776367,33.29999923706055,5063600.0,26.34648895263672
2013-06-05,33.290000915527344,32.34000015258789,33.220001220703125,32.58000183105469,4283500.0,25.776838302612305
2013-06-06,33.13999938964844,32.369998931884766,32.56999969482422,33.13999938964844,4914000.0,26.21990394592285
2013-06-07,34.4900016784668,33.29999923706055,33.380001068115234,34.439998626708984,5681300.0,27.24843978881836
2013-06-10,34.599998474121094,33.900001525878906,34.59000015258789,34.2599983215332,3747500.0,27.106029510498047
2013-06-11,34.18000030517578,33.369998931884766,33.779998779296875,33.619998931884766,3020900.0,26.599672317504883
2013-06-12,33.9900016784668,33.06999969482422,33.959999084472656,33.15999984741211,2271800.0,26.235721588134766
2013-06-13,34.060001373291016,33.0,33.11000061035156,34.0099983215332,2865300.0,26.90822982788086
2013-06-14,34.08000183105469,33.38999938964844,33.880001068115234,33.52000045776367,3158800.0,26.52056121826172
2013-06-17,34.5099983215332,33.88999938964844,33.95000076293945,34.349998474121094,2660500.0,27.177236557006836
2013-06-18,34.65999984741211,34.310001373291016,34.45000076293945,34.540000915527344,2181100.0,27.327556610107422
2013-06-19,34.630001068115234,34.0099983215332,34.58000183105469,34.0099983215332,3523500.0,26.90822982788086
2013-06-20,33.58000183105469,32.68000030517578,33.560001373291016,32.79999923706055,3865600.0,25.950897216796875
2013-06-21,33.439998626708984,32.59000015258789,33.150001525878906,32.810001373291016,6142900.0,25.95880889892578
2013-06-24,32.25,31.09000015258789,32.25,31.299999237060547,5970400.0,24.764122009277344
2013-06-25,31.899999618530273,31.280000686645508,31.790000915527344,31.5,6815400.0,24.92235565185547
2013-06-26,32.119998931884766,31.65999984741211,31.920000076293945,31.920000076293945,4633400.0,25.25465202331543
2013-06-27,32.560001373291016,32.09000015258789,32.2599983215332,32.5099983215332,3414700.0,25.721454620361328
2013-06-28,32.54999923706055,31.6299991607666,32.38999938964844,31.799999237060547,5858400.0,25.159709930419922
2013-07-01,32.27000045776367,31.739999771118164,32.13999938964844,31.75,3394700.0,25.12015724182129
2013-07-02,31.959999084472656,31.219999313354492,31.719999313354492,31.489999771118164,3434100.0,24.91444969177246
2013-07-03,31.68000030517578,31.18000030517578,31.280000686645508,31.450000762939453,1466500.0,24.882801055908203
2013-07-05,31.940000534057617,31.420000076293945,31.850000381469727,31.920000076293945,1642400.0,25.25465202331543
2013-07-08,32.15999984741211,31.829999923706055,32.11000061035156,31.93000030517578,2219100.0,25.262563705444336
2013-07-09,32.34000015258789,31.6200008392334,32.25,32.04999923706055,3088600.0,25.357515335083008
2013-07-10,32.04999923706055,31.309999465942383,32.040000915527344,31.34000015258789,5773800.0,24.79576873779297
2013-07-11,32.189998626708984,31.860000610351562,31.8799991607666,32.06999969482422,4330300.0,25.373334884643555
2013-07-12,32.2599983215332,31.530000686645508,32.11000061035156,31.75,6225700.0,25.12015724182129
2013-07-15,32.209999084472656,31.59000015258789,31.8700008392334,32.130001068115234,3794300.0,25.420804977416992
2013-07-16,32.25,31.6200008392334,32.209999084472656,31.940000534057617,3488600.0,25.270475387573242
2013-07-17,32.150001525878906,31.75,32.09000015258789,31.81999969482422,2546500.0,25.175535202026367
2013-07-18,32.72999954223633,31.920000076293945,32.0099983215332,32.52000045776367,4266400.0,25.7293643951416
2013-07-19,32.59000015258789,31.920000076293945,32.31999969482422,32.4900016784668,4353400.0,25.70563316345215
2013-07-22,33.13999938964844,32.380001068115234,32.5,33.0,3173800.0,26.10913848876953
2013-07-23,33.2400016784668,32.880001068115234,33.08000183105469,32.97999954223633,3057200.0,26.09331512451172
2013-07-24,33.08000183105469,32.4900016784668,32.97999954223633,32.689998626708984,3734800.0,25.863868713378906
2013-07-25,32.939998626708984,32.439998626708984,32.540000915527344,32.79999923706055,2357100.0,25.950897216796875
2013-07-26,32.900001525878906,32.40999984741211,32.650001525878906,32.849998474121094,2943100.0,25.990459442138672
2013-07-29,32.7599983215332,32.22999954223633,32.599998474121094,32.22999954223633,2600300.0,25.499919891357422
2013-07-30,32.599998474121094,32.220001220703125,32.459999084472656,32.2400016784668,4145400.0,25.507837295532227
2013-07-31,32.720001220703125,32.0,32.22999954223633,32.189998626708984,6707800.0,25.468276977539062
2013-08-01,33.130001068115234,32.459999084472656,32.56999969482422,33.040000915527344,5656400.0,26.14078712463379
2013-08-02,33.20000076293945,32.810001373291016,33.040000915527344,33.099998474121094,3199500.0,26.18825340270996
2013-08-05,33.25,32.869998931884766,33.029998779296875,33.119998931884766,1979400.0,26.20408058166504
2013-08-06,33.2599983215332,32.79999923706055,33.150001525878906,33.0099983215332,2808200.0,26.117046356201172
2013-08-07,32.810001373291016,32.400001525878906,32.790000915527344,32.66999816894531,2634000.0,25.848039627075195
2013-08-08,33.0,32.400001525878906,32.88999938964844,32.599998474121094,2150300.0,25.792659759521484
2013-08-09,32.75,32.2599983215332,32.47999954223633,32.56999969482422,2615500.0,25.768918991088867
2013-08-12,32.529998779296875,32.08000183105469,32.2599983215332,32.29999923706055,3249600.0,25.555307388305664
2013-08-13,33.31999969482422,32.400001525878906,32.400001525878906,33.119998931884766,4116300.0,26.20408058166504
2013-08-14,33.36000061035156,32.86000061035156,33.11000061035156,32.880001068115234,2087100.0,26.014196395874023
2013-08-15,32.5099983215332,31.959999084472656,32.41999816894531,32.11000061035156,2715800.0,25.404977798461914
2013-08-16,32.43000030517578,31.989999771118164,32.060001373291016,32.040000915527344,3634600.0,25.3496036529541
2013-08-19,31.889999389648438,31.200000762939453,31.700000762939453,31.200000762939453,2760800.0,24.859580993652344
2013-08-20,31.56999969482422,30.93000030517578,31.200000762939453,31.459999084472656,3570200.0,25.066741943359375
2013-08-21,31.479999542236328,30.790000915527344,31.290000915527344,31.09000015258789,2756400.0,24.77193260192871
2013-08-22,31.729999542236328,31.15999984741211,31.15999984741211,31.600000381469727,1760800.0,25.17829132080078
2013-08-23,31.760000228881836,31.450000762939453,31.639999389648438,31.56999969482422,1516300.0,25.154386520385742
2013-08-26,31.729999542236328,31.209999084472656,31.579999923706055,31.229999542236328,2260700.0,24.883485794067383
2013-08-27,30.799999237060547,30.229999542236328,30.729999542236328,30.31999969482422,3433200.0,24.15840721130371
2013-08-28,30.709999084472656,30.139999389648438,30.239999771118164,30.489999771118164,3253200.0,24.293865203857422
2013-08-29,31.110000610351562,30.299999237060547,30.3700008392334,30.860000610351562,2322400.0,24.58867073059082
2013-08-30,30.959999084472656,30.229999542236328,30.920000076293945,30.360000610351562,2417300.0,24.190284729003906
2013-09-03,31.18000030517578,30.31999969482422,30.920000076293945,30.59000015258789,2517900.0,24.3735408782959
2013-09-04,31.229999542236328,30.5,30.579999923706055,30.989999771118164,2957300.0,24.69225311279297
2013-09-05,31.34000015258789,30.719999313354492,31.110000610351562,30.760000228881836,2862500.0,24.508995056152344
2013-09-06,31.020000457763672,30.09000015258789,30.850000381469727,30.450000762939453,4876300.0,24.26198959350586
2013-09-09,30.979999542236328,30.600000381469727,30.600000381469727,30.829999923706055,2927900.0,24.564767837524414
2013-09-10,31.670000076293945,31.200000762939453,31.200000762939453,31.3700008392334,2855900.0,24.995027542114258
2013-09-11,31.530000686645508,31.100000381469727,31.329999923706055,31.229999542236328,2149700.0,24.883485794067383
2013-09-12,31.459999084472656,30.969999313354492,31.239999771118164,31.049999237060547,3397900.0,24.740062713623047
2013-09-13,31.540000915527344,30.770000457763672,31.030000686645508,31.059999465942383,2391000.0,24.748029708862305
2013-09-16,31.829999923706055,31.350000381469727,31.670000076293945,31.610000610351562,4129000.0,25.186256408691406
2013-09-17,31.829999923706055,31.489999771118164,31.649999618530273,31.670000076293945,1709100.0,25.23406219482422
2013-09-18,32.72999954223633,31.489999771118164,31.65999984741211,32.54999923706055,4833400.0,25.935226440429688
2013-09-19,33.02000045776367,32.560001373291016,32.810001373291016,32.630001068115234,4705300.0,25.998977661132812
2013-09-20,32.88999938964844,32.5099983215332,32.70000076293945,32.630001068115234,5100100.0,25.998977661132812
2013-09-23,32.59000015258789,32.15999984741211,32.400001525878906,32.47999954223633,3585100.0,25.87945556640625
2013-09-24,32.529998779296875,32.16999816894531,32.470001220703125,32.20000076293945,2284000.0,25.656362533569336
2013-09-25,32.369998931884766,32.0,32.20000076293945,32.060001373291016,1547900.0,25.544809341430664
2013-09-26,32.2400016784668,31.920000076293945,32.02000045776367,32.22999954223633,2188200.0,25.68026351928711
2013-09-27,32.13999938964844,31.780000686645508,31.979999542236328,32.09000015258789,2493200.0,25.56871223449707
2013-09-30,32.0,31.59000015258789,31.709999084472656,31.899999618530273,2806400.0,25.41732406616211
2013-10-01,32.31999969482422,31.770000457763672,32.0099983215332,32.220001220703125,3407200.0,25.67229652404785
2013-10-02,32.36000061035156,31.799999237060547,31.920000076293945,32.36000061035156,3136800.0,25.78384017944336
2013-10-03,32.349998474121094,31.6299991607666,32.290000915527344,32.040000915527344,2973500.0,25.52887725830078
2013-10-04,32.459999084472656,32.0099983215332,32.040000915527344,32.380001068115234,1506500.0,25.79977798461914
2013-10-07,32.29999923706055,31.920000076293945,32.06999969482422,31.920000076293945,1931400.0,25.433258056640625
2013-10-08,32.279998779296875,31.5,32.02000045776367,31.5,3565200.0,25.098609924316406
2013-10-09,32.36000061035156,31.540000915527344,31.700000762939453,32.15999984741211,4228100.0,25.624486923217773
2013-10-10,33.93000030517578,32.93000030517578,32.93000030517578,33.91999816894531,6236400.0,27.026823043823242
2013-10-11,34.63999938964844,33.779998779296875,33.900001525878906,34.349998474121094,3749600.0,27.36943817138672
2013-10-14,34.72999954223633,33.93000030517578,34.0099983215332,34.650001525878906,3070200.0,27.60847282409668
2013-10-15,34.630001068115234,32.08000183105469,34.540000915527344,32.41999816894531,22098900.0,25.831649780273438
2013-10-16,32.31999969482422,31.5,32.16999816894531,32.06999969482422,15398100.0,25.552778244018555
2013-10-17,32.779998779296875,31.8700008392334,31.8700008392334,32.459999084472656,9351100.0,25.8635196685791
2013-10-18,32.93000030517578,32.459999084472656,32.63999938964844,32.77000045776367,5755400.0,26.110525131225586
2013-10-21,32.91999816894531,32.5,32.900001525878906,32.529998779296875,3073200.0,25.919294357299805
2013-10-22,32.83000183105469,32.25,32.75,32.5,4121700.0,25.8953914642334
2013-10-23,32.529998779296875,32.11000061035156,32.41999816894531,32.459999084472656,3765600.0,25.8635196685791
2013-10-24,32.689998626708984,32.40999984741211,32.59000015258789,32.650001525878906,3464500.0,26.01491355895996
2013-10-25,32.93000030517578,32.619998931884766,32.72999954223633,32.869998931884766,2567200.0,26.190202713012695
2013-10-28,32.86000061035156,32.41999816894531,32.790000915527344,32.75,2659200.0,26.094585418701172
2013-10-29,33.369998931884766,32.779998779296875,32.79999923706055,33.36000061035156,4672300.0,26.580625534057617
2013-10-30,33.52000045776367,32.83000183105469,33.470001220703125,32.90999984741211,3296100.0,26.22206687927246
2013-10-31,34.25,33.31999969482422,33.650001525878906,33.75,8799300.0,26.891372680664062
2013-11-01,34.15999984741211,33.68000030517578,33.90999984741211,33.84000015258789,4096200.0,26.963083267211914
2013-11-04,34.029998779296875,33.33000183105469,34.029998779296875,33.36000061035156,4525800.0,26.580625534057617
2013-11-05,33.34000015258789,32.72999954223633,33.25,32.90999984741211,4654000.0,26.22206687927246
2013-11-06,33.380001068115234,32.75,33.04999923706055,33.060001373291016,3293000.0,26.341596603393555
2013-11-07,33.31999969482422,32.34000015258789,33.18000030517578,32.369998931884766,4543400.0,25.79181480407715
2013-11-08,33.31999969482422,32.25,32.25,33.31999969482422,4124500.0,26.548755645751953
2013-11-11,33.88999938964844,33.33000183105469,33.65999984741211,33.56999969482422,2544700.0,26.747953414916992
2013-11-12,33.68000030517578,33.060001373291016,33.560001373291016,33.209999084472656,3528700.0,26.461109161376953
2013-11-13,33.40999984741211,32.72999954223633,32.939998626708984,33.279998779296875,4955200.0,26.516878128051758
2013-11-14,34.31999969482422,33.77000045776367,34.18000030517578,34.06999969482422,4619100.0,27.146343231201172
2013-11-15,34.06999969482422,33.630001068115234,33.77000045776367,33.84000015258789,2881800.0,27.142330169677734
2013-11-18,34.04999923706055,33.61000061035156,33.849998474121094,33.709999084472656,2625200.0,27.038057327270508
2013-11-19,33.84000015258789,33.470001220703125,33.72999954223633,33.599998474121094,3909700.0,26.949832916259766
2013-11-20,33.939998626708984,33.380001068115234,33.75,33.47999954223633,3539900.0,26.853586196899414
2013-11-21,33.849998474121094,33.36000061035156,33.54999923706055,33.779998779296875,3163900.0,27.094207763671875
2013-11-22,34.04999923706055,33.54999923706055,33.84000015258789,33.900001525878906,3271200.0,27.19045639038086
2013-11-25,34.38999938964844,33.79999923706055,34.02000045776367,34.2599983215332,2982200.0,27.479202270507812
2013-11-26,34.650001525878906,34.209999084472656,34.369998931884766,34.52000045776367,4263700.0,27.687746047973633
2013-11-27,35.22999954223633,34.4900016784668,34.59000015258789,35.029998779296875,4264800.0,28.096799850463867
2013-11-29,35.2599983215332,34.79999923706055,35.099998474121094,34.849998474121094,1569700.0,27.952425003051758
2013-12-02,35.47999954223633,34.810001373291016,34.86000061035156,35.13999938964844,3833400.0,28.185028076171875
2013-12-03,35.029998779296875,34.72999954223633,34.90999984741211,34.9900016784668,3861700.0,28.06471824645996
2013-12-04,35.209999084472656,34.54999923706055,34.72999954223633,34.91999816894531,4479300.0,28.008567810058594
2013-12-05,34.849998474121094,34.349998474121094,34.630001068115234,34.38999938964844,4365900.0,27.583471298217773
2013-12-06,35.70000076293945,34.939998626708984,34.939998626708984,35.459999084472656,4503300.0,28.44169807434082
2013-12-09,35.86000061035156,35.34000015258789,35.529998779296875,35.66999816894531,2683300.0,28.610137939453125
2013-12-10,35.65999984741211,35.22999954223633,35.5099983215332,35.380001068115234,2435000.0,28.37752914428711
2013-12-11,35.5,34.56999969482422,35.47999954223633,34.63999938964844,3780900.0,27.783992767333984
2013-12-12,34.77000045776367,34.279998779296875,34.65999984741211,34.38999938964844,3086900.0,27.583471298217773
2013-12-13,34.83000183105469,34.38999938964844,34.619998931884766,34.58000183105469,2947100.0,27.735872268676758
2013-12-16,35.2400016784668,34.77000045776367,34.81999969482422,35.06999969482422,2792800.0,28.128889083862305
2013-12-17,35.220001220703125,34.459999084472656,35.099998474121094,34.470001220703125,4234400.0,27.647640228271484
2013-12-18,35.369998931884766,33.939998626708984,34.54999923706055,35.36000061035156,4845000.0,28.361492156982422
2013-12-19,35.540000915527344,35.09000015258789,35.34000015258789,35.25,2539200.0,28.27326011657715
2013-12-20,35.88999938964844,35.279998779296875,35.279998779296875,35.83000183105469,3999700.0,28.738462448120117
2013-12-23,36.31999969482422,35.880001068115234,36.0,36.25,2536300.0,29.075340270996094
2013-12-24,36.5099983215332,36.209999084472656,36.25,36.43000030517578,1197300.0,29.219707489013672
2013-12-26,36.72999954223633,36.400001525878906,36.439998626708984,36.54999923706055,1712800.0,29.315959930419922
2013-12-27,36.70000076293945,36.36000061035156,36.52000045776367,36.4900016784668,1324800.0,29.267837524414062
2013-12-30,36.790000915527344,36.29999923706055,36.439998626708984,36.349998474121094,1477900.0,29.15555191040039
2013-12-31,36.689998626708984,36.33000183105469,36.400001525878906,36.400001525878906,1593900.0,29.195659637451172
2014-01-02,36.400001525878906,35.66999816894531,36.2599983215332,35.869998931884766,1866200.0,28.770549774169922
2014-01-03,36.279998779296875,35.97999954223633,36.02000045776367,36.119998931884766,2036600.0,28.9710636138916
2014-01-06,36.72999954223633,36.25,36.59000015258789,36.369998931884766,3758500.0,29.17158317565918
2014-01-07,36.880001068115234,36.560001373291016,36.70000076293945,36.689998626708984,2293800.0,29.428251266479492
2014-01-08,36.72999954223633,36.380001068115234,36.72999954223633,36.529998779296875,2391900.0,29.299917221069336
2014-01-09,36.720001220703125,35.959999084472656,36.709999084472656,36.040000915527344,3090400.0,28.90689468383789
2014-01-10,36.380001068115234,35.650001525878906,36.279998779296875,35.849998474121094,3813400.0,28.754507064819336
2014-01-13,35.97999954223633,34.959999084472656,35.790000915527344,35.04999923706055,3299600.0,28.11284637451172
2014-01-14,35.40999984741211,34.84000015258789,35.220001220703125,35.220001220703125,3651700.0,28.249202728271484
2014-01-15,35.4900016784668,35.040000915527344,35.25,35.459999084472656,3024300.0,28.44169807434082
2014-01-16,35.529998779296875,35.15999984741211,35.459999084472656,35.20000076293945,2395800.0,28.233156204223633
2014-01-17,35.29999923706055,34.90999984741211,35.20000076293945,35.0099983215332,2653600.0,28.080760955810547
2014-01-21,35.369998931884766,34.88999938964844,35.189998626708984,35.040000915527344,2487300.0,28.104827880859375
2014-01-22,35.88999938964844,35.08000183105469,35.220001220703125,35.849998474121094,3207200.0,28.754507064819336
2014-01-23,35.650001525878906,34.93000030517578,35.58000183105469,34.9900016784668,3690700.0,28.06471824645996
2014-01-24,34.83000183105469,33.470001220703125,34.689998626708984,33.47999954223633,3782500.0,26.853586196899414
2014-01-27,33.7400016784668,32.72999954223633,33.52000045776367,33.08000183105469,3250600.0,26.532756805419922
2014-01-28,33.7400016784668,33.209999084472656,33.209999084472656,33.43000030517578,5133800.0,26.813478469848633
2014-01-29,33.31999969482422,32.689998626708984,32.79999923706055,33.04999923706055,6463500.0,26.50868797302246
2014-01-30,34.2599983215332,33.45000076293945,33.68000030517578,33.5,4303400.0,26.869626998901367
2014-01-31,34.43000030517578,32.880001068115234,34.43000030517578,33.25,3903200.0,26.66910743713379
2014-02-03,33.119998931884766,31.809999465942383,33.060001373291016,31.889999389648438,4662100.0,25.578275680541992
2014-02-04,32.72999954223633,31.860000610351562,32.16999816894531,32.459999084472656,3929500.0,26.035457611083984
2014-02-05,32.45000076293945,31.729999542236328,32.290000915527344,31.770000457763672,5066300.0,25.482030868530273
2014-02-06,32.79999923706055,31.809999465942383,31.889999389648438,32.75,5530200.0,26.268064498901367
2014-02-07,33.38999938964844,32.45000076293945,32.95000076293945,32.880001068115234,4645500.0,26.37233543395996
2014-02-10,34.45000076293945,33.40999984741211,33.41999816894531,34.099998474121094,8796000.0,27.350872039794922
2014-02-11,34.560001373291016,33.95000076293945,34.220001220703125,34.349998474121094,5226000.0,27.5513916015625
2014-02-12,34.84000015258789,34.2400016784668,34.439998626708984,34.349998474121094,3561600.0,27.5513916015625
2014-02-13,34.54999923706055,33.91999816894531,34.06999969482422,34.529998779296875,2932400.0,27.695756912231445
2014-02-14,34.56999969482422,34.130001068115234,34.40999984741211,34.36000061035156,2435400.0,27.55941390991211
2014-02-18,34.47999954223633,33.95000076293945,34.290000915527344,34.13999938964844,2644600.0,27.56344985961914
2014-02-19,34.619998931884766,33.779998779296875,33.9900016784668,33.81999969482422,2843500.0,27.305089950561523
2014-02-20,33.97999954223633,33.38999938964844,33.779998779296875,33.689998626708984,2995000.0,27.20013427734375
2014-02-21,33.7400016784668,33.310001373291016,33.68000030517578,33.540000915527344,4027700.0,27.079036712646484
2014-02-24,34.060001373291016,33.45000076293945,33.529998779296875,33.83000183105469,2660300.0,27.31316375732422
2014-02-25,33.95000076293945,33.25,33.83000183105469,33.34000015258789,2558500.0,26.917556762695312
2014-02-26,33.56999969482422,33.029998779296875,33.380001068115234,33.11000061035156,3992500.0,26.731863021850586
2014-02-27,34.119998931884766,33.04999923706055,33.06999969482422,34.119998931884766,3675100.0,27.547300338745117
2014-02-28,34.52000045776367,33.97999954223633,34.08000183105469,34.29999923706055,4578000.0,27.692623138427734
2014-03-03,33.720001220703125,33.20000076293945,33.720001220703125,33.349998474121094,6008000.0,26.925630569458008
2014-03-04,34.5,33.900001525878906,33.90999984741211,34.45000076293945,3237000.0,27.8137264251709
2014-03-05,34.61000061035156,34.279998779296875,34.5,34.41999816894531,2686100.0,27.789512634277344
2014-03-06,34.72999954223633,34.27000045776367,34.47999954223633,34.380001068115234,3274000.0,27.757211685180664
2014-03-07,34.790000915527344,34.34000015258789,34.709999084472656,34.52000045776367,3059100.0,27.87024688720703
2014-03-10,34.900001525878906,34.130001068115234,34.529998779296875,34.86000061035156,4210200.0,28.14474868774414
2014-03-11,35.13999938964844,34.59000015258789,34.88999938964844,34.75,4485600.0,28.055938720703125
2014-03-12,35.58000183105469,34.68000030517578,34.70000076293945,35.58000183105469,6280900.0,28.726051330566406
2014-03-13,35.90999984741211,34.720001220703125,35.61000061035156,34.810001373291016,3919500.0,28.104379653930664
2014-03-14,34.88999938964844,34.400001525878906,34.689998626708984,34.529998779296875,3095800.0,27.878311157226562
2014-03-17,35.150001525878906,34.58000183105469,34.7599983215332,34.900001525878906,2275900.0,28.177040100097656
2014-03-18,35.33000183105469,34.810001373291016,35.04999923706055,35.09000015258789,2438300.0,28.330440521240234
2014-03-19,35.189998626708984,34.52000045776367,35.18000030517578,34.91999816894531,3723700.0,28.19318962097168
2014-03-20,36.27000045776367,34.65999984741211,34.68000030517578,36.25,4597700.0,29.266986846923828
2014-03-21,36.810001373291016,36.029998779296875,36.650001525878906,36.150001525878906,7200200.0,29.186254501342773
2014-03-24,36.400001525878906,36.0,36.2599983215332,36.189998626708984,3556300.0,29.218544006347656
2014-03-25,36.56999969482422,36.0,36.40999984741211,36.2400016784668,3573000.0,29.258913040161133
2014-03-26,36.81999969482422,36.279998779296875,36.4900016784668,36.279998779296875,3815400.0,29.291202545166016
2014-03-27,36.4900016784668,35.97999954223633,36.27000045776367,36.130001068115234,3477200.0,29.17010498046875
2014-03-28,36.72999954223633,36.209999084472656,36.33000183105469,36.439998626708984,1997200.0,29.42038917541504
2014-03-31,37.18000030517578,36.68000030517578,36.810001373291016,37.0,3110900.0,29.872512817382812
2014-04-01,37.459999084472656,36.65999984741211,36.709999084472656,37.459999084472656,3120200.0,30.243894577026367
2014-04-02,37.869998931884766,37.290000915527344,37.47999954223633,37.68000030517578,3032600.0,30.421518325805664
2014-04-03,36.939998626708984,36.31999969482422,36.5,36.650001525878906,8470800.0,29.589935302734375
2014-04-04,37.09000015258789,35.40999984741211,37.040000915527344,35.650001525878906,5912600.0,28.782573699951172
2014-04-07,35.540000915527344,34.540000915527344,35.540000915527344,34.630001068115234,5864100.0,27.95905876159668
2014-04-08,35.22999954223633,34.38999938964844,34.790000915527344,35.130001068115234,4032400.0,28.36273956298828
2014-04-09,35.599998474121094,35.099998474121094,35.25,35.54999923706055,3680400.0,28.701831817626953
2014-04-10,35.75,34.720001220703125,35.0,34.720001220703125,4723100.0,28.03171157836914
2014-04-11,34.79999923706055,34.0099983215332,34.529998779296875,34.09000015258789,3948000.0,27.523086547851562
2014-04-14,34.70000076293945,34.040000915527344,34.4900016784668,34.40999984741211,2705300.0,27.78143310546875
2014-04-15,34.95000076293945,34.0,34.540000915527344,34.630001068115234,3181500.0,27.95905876159668
2014-04-16,35.18000030517578,34.65999984741211,34.93000030517578,35.18000030517578,2086900.0,28.40311050415039
2014-04-17,35.40999984741211,35.040000915527344,35.25,35.220001220703125,2150800.0,28.435407638549805
2014-04-21,35.5099983215332,35.04999923706055,35.2599983215332,35.34000015258789,1573800.0,28.53227996826172
2014-04-22,35.900001525878906,35.189998626708984,35.31999969482422,35.709999084472656,1958400.0,28.831010818481445
2014-04-23,35.90999984741211,35.630001068115234,35.709999084472656,35.77000045776367,1316600.0,28.87944793701172
2014-04-24,35.959999084472656,35.31999969482422,35.939998626708984,35.380001068115234,2623000.0,28.564577102661133
2014-04-25,35.40999984741211,34.709999084472656,35.310001373291016,34.880001068115234,2040900.0,28.160900115966797
2014-04-28,35.15999984741211,34.25,35.119998931884766,34.790000915527344,2613300.0,28.088237762451172
2014-04-29,35.34000015258789,34.970001220703125,35.119998931884766,35.220001220703125,1721000.0,28.435407638549805
2014-04-30,35.34000015258789,34.7400016784668,35.209999084472656,35.209999084472656,2799800.0,28.42732810974121
2014-05-01,36.459999084472656,35.459999084472656,35.75,36.02000045776367,5342700.0,29.081300735473633
2014-05-02,36.900001525878906,35.91999816894531,36.86000061035156,35.959999084472656,3691500.0,29.03285789489746
2014-05-05,36.02000045776367,35.45000076293945,35.61000061035156,35.779998779296875,1647400.0,28.887523651123047
2014-05-06,35.68000030517578,35.22999954223633,35.68000030517578,35.2599983215332,2786700.0,28.467697143554688
2014-05-07,35.75,35.0,35.41999816894531,35.720001220703125,2240500.0,28.839088439941406
2014-05-08,36.22999954223633,35.36000061035156,35.68000030517578,35.52000045776367,2210700.0,28.677614212036133
2014-05-09,36.02000045776367,35.5,35.619998931884766,35.849998474121094,2876400.0,28.94403839111328
2014-05-12,36.349998474121094,35.959999084472656,35.959999084472656,36.16999816894531,2312000.0,29.2023983001709
2014-05-13,36.560001373291016,35.93000030517578,36.29999923706055,36.040000915527344,2221900.0,29.097434997558594
2014-05-14,35.869998931884766,35.5,35.790000915527344,35.58000183105469,2014600.0,28.926712036132812
2014-05-15,35.40999984741211,34.36000061035156,35.349998474121094,34.619998931884766,2885700.0,28.14622688293457
2014-05-16,34.75,34.310001373291016,34.630001068115234,34.689998626708984,2442700.0,28.203136444091797
2014-05-19,35.20000076293945,34.459999084472656,34.4900016784668,35.119998931884766,1767800.0,28.552732467651367
2014-05-20,35.7400016784668,34.709999084472656,35.470001220703125,34.939998626708984,2305000.0,28.406387329101562
2014-05-21,35.439998626708984,35.06999969482422,35.189998626708984,35.29999923706055,2854400.0,28.699068069458008
2014-05-22,35.58000183105469,35.2599983215332,35.27000045776367,35.41999816894531,3565700.0,28.796628952026367
2014-05-23,35.75,35.45000076293945,35.5099983215332,35.66999816894531,1885300.0,28.999879837036133
2014-05-27,36.06999969482422,35.81999969482422,35.869998931884766,36.04999923706055,3239800.0,29.308818817138672
2014-05-28,36.369998931884766,35.90999984741211,36.09000015258789,35.939998626708984,4289900.0,29.219390869140625
2014-05-29,36.66999816894531,35.90999984741211,36.0,36.630001068115234,3628700.0,29.780363082885742
2014-05-30,36.7400016784668,36.41999816894531,36.459999084472656,36.70000076293945,2568900.0,29.8372802734375
2014-06-02,36.95000076293945,36.439998626708984,36.83000183105469,36.810001373291016,1974700.0,29.926708221435547
2014-06-03,37.09000015258789,36.59000015258789,36.650001525878906,37.08000183105469,2154800.0,30.146209716796875
2014-06-04,37.29999923706055,36.779998779296875,36.900001525878906,37.27000045776367,2925800.0,30.300683975219727
2014-06-05,37.77000045776367,37.13999938964844,37.349998474121094,37.65999984741211,1819100.0,30.617759704589844
2014-06-06,38.349998474121094,37.81999969482422,37.880001068115234,38.18000030517578,2603400.0,31.04051971435547
2014-06-09,38.40999984741211,37.970001220703125,38.06999969482422,38.20000076293945,2479300.0,31.056781768798828
2014-06-10,38.119998931884766,37.709999084472656,38.06999969482422,37.970001220703125,1907800.0,30.86979103088379
2014-06-11,37.959999084472656,37.59000015258789,37.83000183105469,37.869998931884766,2358900.0,30.788484573364258
2014-06-12,38.060001373291016,37.59000015258789,37.880001068115234,37.68000030517578,1556400.0,30.63401985168457
2014-06-13,37.83000183105469,37.119998931884766,37.75,37.2400016784668,3052200.0,30.276296615600586
2014-06-16,37.220001220703125,36.77000045776367,37.130001068115234,37.06999969482422,2337300.0,30.138078689575195
2014-06-17,37.4900016784668,36.77000045776367,37.060001373291016,37.349998474121094,2524500.0,30.365726470947266
2014-06-18,37.5099983215332,36.849998474121094,37.41999816894531,37.310001373291016,6458100.0,30.33321189880371
2014-06-19,37.5,37.060001373291016,37.400001525878906,37.20000076293945,2300300.0,30.243778228759766
2014-06-20,37.41999816894531,37.13999938964844,37.310001373291016,37.2400016784668,2339000.0,30.276296615600586
2014-06-23,37.70000076293945,37.029998779296875,37.310001373291016,37.54999923706055,2839700.0,30.528337478637695
2014-06-24,37.61000061035156,37.040000915527344,37.33000183105469,37.08000183105469,1588900.0,30.146209716796875
2014-06-25,37.5099983215332,36.849998474121094,36.95000076293945,37.4900016784668,1978200.0,30.479549407958984
2014-06-26,37.41999816894531,37.040000915527344,37.41999816894531,37.31999969482422,1872400.0,30.341341018676758
2014-06-27,37.779998779296875,37.130001068115234,37.130001068115234,37.7400016784668,3489700.0,30.682802200317383
2014-06-30,37.93000030517578,37.43000030517578,37.5,37.75,2261000.0,30.690929412841797
2014-07-01,38.56999969482422,37.90999984741211,37.9900016784668,38.349998474121094,2136700.0,31.178735733032227
2014-07-02,38.34000015258789,38.0099983215332,38.25,38.209999084472656,1653300.0,31.064910888671875
2014-07-03,38.72999954223633,38.25,38.25,38.65999984741211,911600.0,31.430761337280273
2014-07-07,38.84000015258789,38.25,38.54999923706055,38.70000076293945,2049100.0,31.463281631469727
2014-07-08,38.63999938964844,37.939998626708984,38.560001373291016,38.09000015258789,2314500.0,30.96735191345215
2014-07-09,38.68000030517578,38.20000076293945,38.279998779296875,38.36000061035156,2669200.0,31.18686866760254
2014-07-10,37.869998931884766,37.36000061035156,37.7599983215332,37.7400016784668,2557200.0,30.682802200317383
2014-07-11,38.060001373291016,37.630001068115234,37.810001373291016,37.959999084472656,1359400.0,30.86166000366211
2014-07-14,38.4900016784668,38.029998779296875,38.34000015258789,38.099998474121094,1613800.0,30.975482940673828
2014-07-15,38.459999084472656,37.900001525878906,38.150001525878906,38.08000183105469,2191900.0,30.95921516418457
2014-07-16,38.459999084472656,38.0099983215332,38.34000015258789,38.22999954223633,1551000.0,31.081165313720703
2014-07-17,38.38999938964844,37.599998474121094,38.0,37.630001068115234,1278400.0,30.59337615966797
2014-07-18,38.099998474121094,37.709999084472656,37.720001220703125,38.04999923706055,1428300.0,30.93483543395996
2014-07-21,38.150001525878906,37.7400016784668,38.0,38.09000015258789,1244100.0,30.96735191345215
2014-07-22,38.779998779296875,38.0,38.0099983215332,38.72999954223633,2755300.0,31.487674713134766
2014-07-23,38.75,38.369998931884766,38.7400016784668,38.61000061035156,1583200.0,31.39011001586914
2014-07-24,38.77000045776367,38.41999816894531,38.5,38.54999923706055,1606000.0,31.341339111328125
2014-07-25,38.61000061035156,38.150001525878906,38.349998474121094,38.40999984741211,1204800.0,31.227508544921875
2014-07-28,38.540000915527344,38.09000015258789,38.31999969482422,38.43000030517578,1377300.0,31.243770599365234
2014-07-29,38.75,38.15999984741211,38.5,38.189998626708984,1613500.0,31.048648834228516
2014-07-30,38.66999816894531,37.9900016784668,38.34000015258789,38.380001068115234,2923700.0,31.203123092651367
2014-07-31,38.86000061035156,37.54999923706055,38.06999969482422,37.630001068115234,3442600.0,30.59337615966797
2014-08-01,38.709999084472656,37.31999969482422,38.06999969482422,37.81999969482422,4643600.0,30.74784278869629
2014-08-04,38.34000015258789,37.79999923706055,37.91999816894531,38.27000045776367,2359900.0,31.113689422607422
2014-08-05,38.18000030517578,37.45000076293945,37.9900016784668,37.540000915527344,2571600.0,30.52019500732422
2014-08-06,38.380001068115234,37.36000061035156,37.369998931884766,38.060001373291016,2694300.0,30.942962646484375
2014-08-07,38.459999084472656,37.630001068115234,38.31999969482422,37.810001373291016,2289600.0,30.739713668823242
2014-08-08,37.970001220703125,37.470001220703125,37.869998931884766,37.849998474121094,5055900.0,30.772226333618164
2014-08-11,38.540000915527344,37.90999984741211,38.060001373291016,38.369998931884766,2297200.0,31.19499397277832
2014-08-12,38.7599983215332,38.279998779296875,38.36000061035156,38.720001220703125,2452200.0,31.47954559326172
2014-08-13,38.959999084472656,38.66999816894531,38.86000061035156,38.81999969482422,1569900.0,31.560850143432617
2014-08-14,39.290000915527344,38.790000915527344,38.83000183105469,39.2599983215332,2451800.0,31.918560028076172
2014-08-15,39.470001220703125,38.529998779296875,39.29999923706055,38.91999816894531,2402200.0,31.642152786254883
2014-08-18,39.68000030517578,39.209999084472656,39.349998474121094,39.4900016784668,2503600.0,32.105560302734375
2014-08-19,39.630001068115234,39.2400016784668,39.29999923706055,39.560001373291016,1841200.0,32.36737823486328
2014-08-20,40.290000915527344,39.40999984741211,39.529998779296875,40.09000015258789,3633000.0,32.80101776123047
2014-08-21,40.43000030517578,40.09000015258789,40.25,40.380001068115234,2228800.0,33.03828811645508
2014-08-22,40.459999084472656,39.81999969482422,40.34000015258789,40.0,3054600.0,32.72738265991211
2014-08-25,40.7400016784668,40.20000076293945,40.33000183105469,40.61000061035156,2134400.0,33.226463317871094
2014-08-26,41.13999938964844,40.61000061035156,40.63999938964844,41.06999969482422,2349900.0,33.60284423828125
2014-08-27,41.11000061035156,40.560001373291016,41.09000015258789,40.779998779296875,2060500.0,33.365562438964844
2014-08-28,40.689998626708984,40.33000183105469,40.52000045776367,40.58000183105469,2168600.0,33.201927185058594
2014-08-29,40.9900016784668,40.650001525878906,40.77000045776367,40.84000015258789,1678000.0,33.41465377807617
2014-09-02,41.20000076293945,40.63999938964844,40.79999923706055,40.959999084472656,2627300.0,33.512840270996094
2014-09-03,41.279998779296875,40.65999984741211,41.2400016784668,40.720001220703125,2715500.0,33.31647491455078
2014-09-04,41.13999938964844,40.52000045776367,40.88999938964844,40.650001525878906,3111300.0,33.259193420410156
2014-09-05,41.04999923706055,40.470001220703125,40.59000015258789,40.970001220703125,3299000.0,33.521026611328125
2014-09-08,41.099998474121094,40.790000915527344,40.880001068115234,40.959999084472656,1716100.0,33.512840270996094
2014-09-09,40.95000076293945,40.220001220703125,40.849998474121094,40.33000183105469,2626600.0,32.99737548828125
2014-09-10,40.630001068115234,40.220001220703125,40.45000076293945,40.470001220703125,2079800.0,33.11193084716797
2014-09-11,40.77000045776367,40.279998779296875,40.36000061035156,40.72999954223633,2336000.0,33.32465362548828
2014-09-12,40.900001525878906,40.58000183105469,40.709999084472656,40.79999923706055,2961200.0,33.38192367553711
2014-09-15,40.84000015258789,40.380001068115234,40.709999084472656,40.40999984741211,2263600.0,33.062828063964844
2014-09-16,40.70000076293945,39.970001220703125,40.20000076293945,40.61000061035156,2182000.0,33.226463317871094
2014-09-17,41.06999969482422,40.5,40.650001525878906,40.849998474121094,2480000.0,33.42283630371094
2014-09-18,41.439998626708984,40.9900016784668,41.06999969482422,41.25,2210900.0,33.75010681152344
2014-09-19,41.40999984741211,40.91999816894531,41.31999969482422,40.9900016784668,2885500.0,33.537384033203125
2014-09-22,40.880001068115234,40.380001068115234,40.7599983215332,40.630001068115234,2600000.0,33.24283981323242
2014-09-23,40.810001373291016,40.20000076293945,40.52000045776367,40.27000045776367,2363400.0,32.94828414916992
2014-09-24,40.56999969482422,40.099998474121094,40.2599983215332,40.529998779296875,2926200.0,33.16101837158203
2014-09-25,40.470001220703125,39.54999923706055,40.470001220703125,39.650001525878906,2811900.0,32.44101333618164
2014-09-26,40.29999923706055,39.7599983215332,39.88999938964844,40.20000076293945,3036500.0,32.891014099121094
2014-09-29,39.869998931884766,39.47999954223633,39.65999984741211,39.599998474121094,2714500.0,32.40010070800781
2014-09-30,39.81999969482422,39.36000061035156,39.54999923706055,39.47999954223633,2701500.0,32.301918029785156
2014-10-01,39.45000076293945,38.70000076293945,39.45000076293945,38.83000183105469,3708600.0,31.77010154724121
2014-10-02,39.11000061035156,38.310001373291016,38.709999084472656,39.0,3560300.0,31.90918731689453
2014-10-03,39.880001068115234,39.15999984741211,39.349998474121094,39.630001068115234,3265000.0,32.424652099609375
2014-10-06,39.880001068115234,39.310001373291016,39.86000061035156,39.56999969482422,2428500.0,32.375553131103516
2014-10-07,39.349998474121094,38.529998779296875,39.349998474121094,38.560001373291016,2302300.0,31.549198150634766
2014-10-08,38.939998626708984,38.060001373291016,38.5099983215332,38.900001525878906,5471000.0,31.82737922668457
2014-10-09,38.849998474121094,37.56999969482422,38.720001220703125,37.56999969482422,3407500.0,30.739187240600586
2014-10-10,37.790000915527344,36.9900016784668,37.54999923706055,37.0,3677900.0,30.272823333740234
2014-10-13,37.099998474121094,36.0099983215332,37.0099983215332,36.060001373291016,3794800.0,29.503734588623047
2014-10-14,36.31999969482422,35.470001220703125,36.20000076293945,35.72999954223633,5035500.0,29.233726501464844
2014-10-15,35.75,34.400001525878906,35.150001525878906,35.560001373291016,5274600.0,29.09463882446289
2014-10-16,36.15999984741211,34.75,34.779998779296875,35.849998474121094,3912600.0,29.3319091796875
2014-10-17,36.79999923706055,36.22999954223633,36.349998474121094,36.689998626708984,3446400.0,30.019193649291992
2014-10-20,36.75,36.34000015258789,36.5,36.70000076293945,2664700.0,30.02737045288086
2014-10-21,37.779998779296875,36.93000030517578,37.040000915527344,37.779998779296875,2915800.0,30.911008834838867
2014-10-22,37.7599983215332,37.08000183105469,37.7599983215332,37.119998931884766,2013100.0,30.371002197265625
2014-10-23,38.06999969482422,37.459999084472656,37.52000045776367,37.79999923706055,2627200.0,30.927371978759766
2014-10-24,38.09000015258789,37.66999816894531,37.779998779296875,38.060001373291016,2354100.0,31.140104293823242
2014-10-27,38.029998779296875,37.61000061035156,37.810001373291016,37.939998626708984,2187600.0,31.04191780090332
2014-10-28,39.099998474121094,38.099998474121094,38.189998626708984,39.099998474121094,2911100.0,31.991012573242188
2014-10-29,39.38999938964844,38.470001220703125,39.2400016784668,38.84000015258789,3450500.0,31.778289794921875
2014-10-30,39.9900016784668,38.810001373291016,38.810001373291016,39.68000030517578,3102700.0,32.46556091308594
2014-10-31,40.56999969482422,40.130001068115234,40.290000915527344,40.470001220703125,3986100.0,33.11193084716797
2014-11-03,40.619998931884766,40.0,40.41999816894531,40.16999816894531,2138700.0,32.86646270751953
2014-11-04,40.34000015258789,39.63999938964844,39.939998626708984,40.150001525878906,1896600.0,32.85011291503906
2014-11-05,40.459999084472656,40.119998931884766,40.369998931884766,40.43000030517578,1766000.0,33.079200744628906
2014-11-06,41.029998779296875,40.36000061035156,40.36000061035156,40.95000076293945,2068400.0,33.50465774536133
2014-11-07,41.47999954223633,40.72999954223633,41.0,41.279998779296875,2335200.0,33.774658203125
2014-11-10,41.36000061035156,41.0099983215332,41.27000045776367,41.16999816894531,2279000.0,33.68465805053711
2014-11-11,41.2400016784668,40.9900016784668,41.15999984741211,41.04999923706055,1528000.0,33.58647918701172
2014-11-12,41.040000915527344,40.68000030517578,40.90999984741211,40.86000061035156,2404000.0,33.43101501464844
2014-11-13,41.11000061035156,40.279998779296875,40.900001525878906,40.689998626708984,3142900.0,33.29192352294922
2014-11-14,40.59000015258789,40.060001373291016,40.45000076293945,40.150001525878906,2032400.0,33.053184509277344
2014-11-17,40.11000061035156,39.709999084472656,40.09000015258789,39.810001373291016,2284900.0,32.77328109741211
2014-11-18,40.02000045776367,39.650001525878906,39.810001373291016,39.79999923706055,3669300.0,32.76504898071289
2014-11-19,39.790000915527344,39.209999084472656,39.68000030517578,39.459999084472656,3544300.0,32.485145568847656
2014-11-20,39.900001525878906,39.18000030517578,39.220001220703125,39.900001525878906,1687800.0,32.847381591796875
2014-11-21,40.65999984741211,40.220001220703125,40.40999984741211,40.2599983215332,2038700.0,33.143733978271484
2014-11-24,40.79999923706055,40.34000015258789,40.459999084472656,40.470001220703125,2387900.0,33.31662368774414
2014-11-25,40.63999938964844,40.33000183105469,40.61000061035156,40.43000030517578,2010900.0,33.28369903564453
2014-11-26,40.56999969482422,40.25,40.459999084472656,40.459999084472656,1314300.0,33.308387756347656
2014-11-28,40.619998931884766,40.279998779296875,40.619998931884766,40.36000061035156,858300.0,33.22606658935547
2014-12-01,40.4900016784668,39.77000045776367,40.25,40.290000915527344,2419100.0,33.16843795776367
2014-12-02,40.72999954223633,40.33000183105469,40.459999084472656,40.5,1792100.0,33.34130859375
2014-12-03,40.66999816894531,40.380001068115234,40.47999954223633,40.439998626708984,1736700.0,33.29192352294922
2014-12-04,40.560001373291016,40.0099983215332,40.40999984741211,40.459999084472656,2640200.0,33.308387756347656
2014-12-05,41.20000076293945,40.630001068115234,40.630001068115234,41.150001525878906,1984000.0,33.87642288208008
2014-12-08,41.5099983215332,40.869998931884766,41.04999923706055,41.060001373291016,2103500.0,33.80234146118164
2014-12-09,41.11000061035156,40.400001525878906,40.88999938964844,41.09000015258789,1695100.0,33.827030181884766
2014-12-10,41.400001525878906,40.189998626708984,41.09000015258789,40.2599983215332,2746900.0,33.143733978271484
2014-12-11,40.88999938964844,39.91999816894531,40.439998626708984,40.02000045776367,2698300.0,32.946163177490234
2014-12-12,39.599998474121094,38.54999923706055,39.43000030517578,38.560001373291016,2148100.0,31.744226455688477
2014-12-15,38.88999938964844,38.20000076293945,38.7599983215332,38.58000183105469,4028000.0,31.760696411132812
2014-12-16,39.290000915527344,38.04999923706055,38.290000915527344,38.16999816894531,2884600.0,31.423175811767578
2014-12-17,39.27000045776367,38.279998779296875,38.45000076293945,39.2400016784668,3564500.0,32.30403518676758
2014-12-18,40.47999954223633,39.52000045776367,39.86000061035156,40.459999084472656,4791200.0,33.308387756347656
2014-12-19,40.689998626708984,40.029998779296875,40.470001220703125,40.16999816894531,4922700.0,33.069644927978516
2014-12-22,40.34000015258789,39.45000076293945,39.459999084472656,40.25,2530500.0,33.13551712036133
2014-12-23,40.900001525878906,40.470001220703125,40.5099983215332,40.529998779296875,2329700.0,33.36601257324219
2014-12-24,40.650001525878906,40.369998931884766,40.599998474121094,40.369998931884766,878600.0,33.23430252075195
2014-12-26,40.7599983215332,40.279998779296875,40.63999938964844,40.31999969482422,1550000.0,33.19313049316406
2014-12-29,40.70000076293945,40.150001525878906,40.2400016784668,40.349998474121094,2062900.0,33.21783447265625
2014-12-30,40.29999923706055,39.95000076293945,40.29999923706055,39.959999084472656,1899900.0,32.896766662597656
2014-12-31,40.130001068115234,39.47999954223633,40.11000061035156,39.52000045776367,1752400.0,32.5345458984375
2015-01-02,39.81999969482422,38.869998931884766,39.720001220703125,39.13999938964844,2898800.0,32.221710205078125
2015-01-05,38.88999938964844,37.939998626708984,38.77000045776367,38.0,4067600.0,31.283214569091797
2015-01-06,37.9900016784668,36.900001525878906,37.599998474121094,37.209999084472656,5081100.0,30.632856369018555
2015-01-07,37.959999084472656,37.40999984741211,37.65999984741211,37.70000076293945,2547300.0,31.036243438720703
2015-01-08,38.709999084472656,38.02000045776367,38.15999984741211,38.36000061035156,2892100.0,31.579586029052734
2015-01-09,38.45000076293945,37.63999938964844,38.380001068115234,37.650001525878906,2610000.0,30.995071411132812
2015-01-12,37.63999938964844,36.95000076293945,37.63999938964844,37.43000030517578,2279600.0,30.813961029052734
2015-01-13,38.2599983215332,37.029998779296875,37.790000915527344,37.33000183105469,4246400.0,30.73164939880371
2015-01-14,36.880001068115234,36.220001220703125,36.75,36.54999923706055,4716600.0,30.08951187133789
2015-01-15,36.79999923706055,35.90999984741211,36.599998474121094,35.93000030517578,4340200.0,29.579099655151367
2015-01-16,36.349998474121094,35.45000076293945,35.65999984741211,36.34000015258789,3427500.0,29.916629791259766
2015-01-20,36.529998779296875,35.880001068115234,36.470001220703125,35.97999954223633,3097400.0,29.62025260925293
2015-01-21,36.439998626708984,35.41999816894531,35.90999984741211,36.310001373291016,4313800.0,29.891939163208008
2015-01-22,37.4900016784668,36.029998779296875,36.58000183105469,37.31999969482422,5032900.0,30.723405838012695
2015-01-23,37.33000183105469,36.959999084472656,37.27000045776367,37.029998779296875,4702400.0,30.484668731689453
2015-01-26,37.470001220703125,36.83000183105469,37.25,37.400001525878906,2895100.0,30.789264678955078
2015-01-27,37.400001525878906,36.7400016784668,36.869998931884766,37.130001068115234,3463300.0,30.566993713378906
2015-01-28,37.43000030517578,36.33000183105469,37.43000030517578,36.34000015258789,4190500.0,29.916629791259766
2015-01-29,37.86000061035156,36.630001068115234,37.279998779296875,37.77000045776367,6845400.0,31.093870162963867
2015-01-30,37.56999969482422,36.43000030517578,37.16999816894531,36.72999954223633,5168400.0,30.237693786621094
2015-02-02,37.439998626708984,36.4900016784668,36.83000183105469,37.41999816894531,3529500.0,30.805736541748047
2015-02-03,38.70000076293945,37.65999984741211,37.77000045776367,38.66999816894531,4752600.0,31.834787368774414
2015-02-04,38.84000015258789,38.369998931884766,38.52000045776367,38.459999084472656,2869500.0,31.661911010742188
2015-02-05,39.15999984741211,38.58000183105469,38.63999938964844,38.93000030517578,2835600.0,32.048828125
2015-02-06,39.58000183105469,38.7400016784668,39.279998779296875,38.849998474121094,3487000.0,31.982959747314453
2015-02-09,38.93000030517578,38.459999084472656,38.58000183105469,38.75,1886000.0,31.90064811706543
2015-02-10,39.41999816894531,38.70000076293945,39.15999984741211,39.369998931884766,2182200.0,32.41106033325195
2015-02-11,39.529998779296875,39.04999923706055,39.380001068115234,39.369998931884766,1827400.0,32.41106033325195
2015-02-12,39.790000915527344,39.40999984741211,39.779998779296875,39.58000183105469,2405500.0,32.58393859863281
2015-02-13,39.790000915527344,39.43000030517578,39.599998474121094,39.52000045776367,1956100.0,32.5345458984375
2015-02-17,39.72999954223633,39.279998779296875,39.439998626708984,39.5099983215332,1925200.0,32.73337173461914
2015-02-18,39.599998474121094,39.06999969482422,39.5,39.18000030517578,2029800.0,32.45998001098633
2015-02-19,39.34000015258789,38.91999816894531,39.060001373291016,39.18000030517578,2904600.0,32.45998001098633
2015-02-20,40.13999938964844,38.959999084472656,38.959999084472656,40.029998779296875,4124500.0,33.164180755615234
2015-02-23,40.0099983215332,39.58000183105469,39.970001220703125,39.7400016784668,2056900.0,32.92393112182617
2015-02-24,40.29999923706055,39.650001525878906,39.650001525878906,40.20000076293945,2786800.0,33.30503845214844
2015-02-25,40.279998779296875,39.970001220703125,40.099998474121094,40.189998626708984,1996600.0,33.2967414855957
2015-02-26,40.72999954223633,40.04999923706055,40.119998931884766,40.33000183105469,3675100.0,33.4127311706543
2015-02-27,40.400001525878906,40.08000183105469,40.349998474121094,40.27000045776367,3683800.0,33.36302185058594
2015-03-02,40.529998779296875,39.849998474121094,40.27000045776367,40.459999084472656,3099800.0,33.52043151855469
2015-03-03,40.720001220703125,40.02000045776367,40.349998474121094,40.27000045776367,2032300.0,33.36302185058594
2015-03-04,40.36000061035156,39.810001373291016,40.130001068115234,40.34000015258789,2115900.0,33.4210205078125
2015-03-05,40.720001220703125,40.2400016784668,40.38999938964844,40.61000061035156,2321200.0,33.64471435546875
2015-03-06,41.189998626708984,40.060001373291016,40.619998931884766,40.13999938964844,3396700.0,33.25532150268555
2015-03-09,40.59000015258789,40.119998931884766,40.20000076293945,40.400001525878906,2458700.0,33.47072982788086
2015-03-10,39.97999954223633,39.439998626708984,39.93000030517578,39.45000076293945,2932400.0,32.68366241455078
2015-03-11,39.97999954223633,39.61000061035156,39.61000061035156,39.790000915527344,2191600.0,32.96534729003906
2015-03-12,40.61000061035156,39.939998626708984,40.040000915527344,40.59000015258789,2250300.0,33.628135681152344
2015-03-13,40.58000183105469,39.81999969482422,40.52000045776367,40.369998931884766,3280700.0,33.44586944580078
2015-03-16,41.52000045776367,40.68000030517578,40.68000030517578,41.369998931884766,3636100.0,34.274349212646484
2015-03-17,41.220001220703125,40.84000015258789,41.060001373291016,41.029998779296875,2335100.0,33.99267578125
2015-03-18,41.93000030517578,40.84000015258789,40.9900016784668,41.779998779296875,3171800.0,34.61404037475586
2015-03-19,41.75,40.95000076293945,41.59000015258789,41.09000015258789,3500700.0,34.042381286621094
2015-03-20,41.97999954223633,40.86000061035156,40.86000061035156,41.849998474121094,5563500.0,34.672027587890625
2015-03-23,41.970001220703125,41.380001068115234,41.849998474121094,41.380001068115234,2328100.0,34.28264617919922
2015-03-24,41.41999816894531,40.91999816894531,41.27000045776367,40.93000030517578,2612400.0,33.90982437133789
2015-03-25,41.04999923706055,40.08000183105469,40.970001220703125,40.08000183105469,2655000.0,33.20561218261719
2015-03-26,40.2599983215332,39.689998626708984,39.84000015258789,39.90999984741211,2470800.0,33.06477355957031
2015-03-27,40.029998779296875,39.63999938964844,39.83000183105469,39.68000030517578,2299900.0,32.87421798706055
2015-03-30,40.18000030517578,39.849998474121094,39.849998474121094,40.0,3865100.0,33.139339447021484
2015-03-31,40.0099983215332,39.63999938964844,39.790000915527344,39.689998626708984,2324600.0,32.882511138916016
2015-04-01,39.91999816894531,39.349998474121094,39.68000030517578,39.779998779296875,3003400.0,32.957069396972656
2015-04-02,39.91999816894531,39.52000045776367,39.70000076293945,39.869998931884766,2332300.0,33.031639099121094
2015-04-06,40.279998779296875,39.34000015258789,39.45000076293945,40.13999938964844,2430900.0,33.25532150268555
2015-04-07,40.34000015258789,39.75,40.189998626708984,39.7599983215332,3084100.0,32.940494537353516
2015-04-08,40.150001525878906,39.72999954223633,39.81999969482422,40.040000915527344,2107200.0,33.17247772216797
2015-04-09,40.29999923706055,39.720001220703125,39.93000030517578,40.20000076293945,2604200.0,33.30503845214844
2015-04-10,40.25,39.779998779296875,40.25,40.0,2775900.0,33.139339447021484
2015-04-13,40.470001220703125,39.91999816894531,39.9900016784668,40.27000045776367,2480400.0,33.36302185058594
2015-04-14,40.56999969482422,40.040000915527344,40.2599983215332,40.29999923706055,2587900.0,33.38787841796875
2015-04-15,40.68000030517578,40.29999923706055,40.52000045776367,40.56999969482422,1979700.0,33.61157989501953
2015-04-16,40.689998626708984,40.16999816894531,40.459999084472656,40.5,2038800.0,33.55357360839844
2015-04-17,40.220001220703125,39.63999938964844,40.099998474121094,39.880001068115234,1913400.0,33.0399169921875
2015-04-20,40.43000030517578,40.08000183105469,40.13999938964844,40.310001373291016,1485800.0,33.39616394042969
2015-04-21,40.56999969482422,39.970001220703125,40.36000061035156,40.060001373291016,1465400.0,33.18904495239258
2015-04-22,40.540000915527344,39.779998779296875,40.189998626708984,40.38999938964844,1777900.0,33.46244430541992
2015-04-23,40.970001220703125,40.15999984741211,40.380001068115234,40.810001373291016,1729900.0,33.81040954589844
2015-04-24,40.849998474121094,40.529998779296875,40.75,40.81999969482422,1476200.0,33.81869125366211
2015-04-27,40.9900016784668,40.470001220703125,40.88999938964844,40.52000045776367,1716600.0,33.570152282714844
2015-04-28,41.11000061035156,40.36000061035156,40.439998626708984,41.11000061035156,2526800.0,34.05895233154297
2015-04-29,41.22999954223633,40.619998931884766,40.7400016784668,40.7400016784668,2586600.0,33.752410888671875
2015-04-30,42.0,40.93000030517578,41.150001525878906,41.41999816894531,4593000.0,34.31577682495117
2015-05-01,42.04999923706055,41.38999938964844,41.75,41.61000061035156,2937200.0,34.47319412231445
2015-05-04,41.93000030517578,41.59000015258789,41.81999969482422,41.72999954223633,2568800.0,34.57261276245117
2015-05-05,41.66999816894531,40.9900016784668,41.47999954223633,41.11000061035156,2680300.0,34.05895233154297
2015-05-06,41.2599983215332,40.380001068115234,41.15999984741211,40.720001220703125,2131100.0,33.73584747314453
2015-05-07,41.02000045776367,40.54999923706055,40.77000045776367,41.0099983215332,2265400.0,33.976104736328125
2015-05-08,41.59000015258789,41.2599983215332,41.439998626708984,41.43000030517578,2494900.0,34.324073791503906
2015-05-11,41.68000030517578,41.209999084472656,41.310001373291016,41.279998779296875,2360700.0,34.199798583984375
2015-05-12,41.25,40.5,41.0,40.81999969482422,1987500.0,33.81869125366211
2015-05-13,40.720001220703125,40.13999938964844,40.599998474121094,40.29999923706055,2876000.0,33.61018371582031
2015-05-14,41.02000045776367,40.380001068115234,40.47999954223633,40.9900016784668,1977600.0,34.185646057128906
2015-05-15,41.04999923706055,40.400001525878906,40.970001220703125,40.540000915527344,2175500.0,33.81034851074219
2015-05-18,40.7400016784668,40.47999954223633,40.540000915527344,40.68000030517578,1881300.0,33.9271125793457
2015-05-19,40.790000915527344,39.959999084472656,40.77000045776367,40.369998931884766,5306000.0,33.668556213378906
2015-05-20,41.04999923706055,40.20000076293945,40.529998779296875,40.90999984741211,2341100.0,34.11893081665039
2015-05-21,40.900001525878906,40.52000045776367,40.83000183105469,40.619998931884766,1720400.0,33.877071380615234
2015-05-22,40.720001220703125,40.459999084472656,40.58000183105469,40.52000045776367,1049500.0,33.793678283691406
2015-05-26,40.52000045776367,39.849998474121094,40.41999816894531,39.9900016784668,2104600.0,33.351654052734375
2015-05-27,40.5,39.9900016784668,40.20000076293945,40.38999938964844,1435400.0,33.68525695800781
2015-05-28,40.45000076293945,39.9900016784668,40.29999923706055,40.34000015258789,2136400.0,33.64354705810547
2015-05-29,40.45000076293945,39.7599983215332,40.310001373291016,39.83000183105469,2928600.0,33.21820831298828
2015-06-01,40.13999938964844,39.59000015258789,40.0,39.869998931884766,2670300.0,33.25156784057617
2015-06-02,39.90999984741211,39.459999084472656,39.79999923706055,39.86000061035156,2581900.0,33.24323654174805
2015-06-03,40.25,39.5,40.119998931884766,39.83000183105469,3318300.0,33.21820831298828
2015-06-04,39.72999954223633,39.130001068115234,39.560001373291016,39.18000030517578,3016100.0,32.676109313964844
2015-06-05,39.560001373291016,39.0,39.560001373291016,39.20000076293945,2302100.0,32.692787170410156
2015-06-08,39.88999938964844,39.279998779296875,39.4900016784668,39.33000183105469,2777600.0,32.801212310791016
2015-06-09,39.38999938964844,38.959999084472656,39.29999923706055,39.0,2645900.0,32.52598571777344
2015-06-10,39.61000061035156,39.060001373291016,39.2400016784668,39.119998931884766,3827800.0,32.626068115234375
2015-06-11,39.380001068115234,38.83000183105469,39.2400016784668,39.36000061035156,4958100.0,32.826229095458984
2015-06-12,39.58000183105469,38.810001373291016,39.209999084472656,39.470001220703125,4685200.0,32.917972564697266
2015-06-15,39.439998626708984,38.900001525878906,39.09000015258789,39.41999816894531,2683100.0,32.87627029418945
2015-06-16,39.58000183105469,39.119998931884766,39.31999969482422,39.540000915527344,3092100.0,32.976348876953125
2015-06-17,39.810001373291016,39.130001068115234,39.7599983215332,39.22999954223633,3575000.0,32.71780776977539
2015-06-18,39.77000045776367,39.27000045776367,39.380001068115234,39.5,2529400.0,32.942996978759766
2015-06-19,39.36000061035156,38.880001068115234,39.33000183105469,38.900001525878906,3971600.0,32.44258499145508
2015-06-22,39.400001525878906,38.88999938964844,39.279998779296875,38.93000030517578,4362500.0,32.46760940551758
2015-06-23,39.290000915527344,38.97999954223633,39.029998779296875,39.150001525878906,3309900.0,32.651092529296875
2015-06-24,39.13999938964844,38.790000915527344,39.060001373291016,38.849998474121094,2947400.0,32.40088653564453
2015-06-25,38.900001525878906,38.5,38.66999816894531,38.540000915527344,2753500.0,32.14234924316406
2015-06-26,38.810001373291016,38.380001068115234,38.689998626708984,38.560001373291016,2586700.0,32.15903091430664
2015-06-29,38.25,37.349998474121094,38.040000915527344,37.400001525878906,3035100.0,31.19160270690918
2015-06-30,38.029998779296875,37.290000915527344,37.79999923706055,37.4900016784668,3142200.0,31.26664924621582
2015-07-01,38.130001068115234,37.58000183105469,37.970001220703125,37.810001373291016,2576100.0,31.533531188964844
2015-07-02,37.91999816894531,37.36000061035156,37.79999923706055,37.619998931884766,2250300.0,31.37506866455078
2015-07-06,37.290000915527344,36.369998931884766,36.75,37.2599983215332,3049500.0,31.0748348236084
2015-07-07,37.279998779296875,36.47999954223633,37.279998779296875,37.150001525878906,3679000.0,30.983091354370117
2015-07-08,36.90999984741211,36.20000076293945,36.72999954223633,36.220001220703125,2452100.0,30.207473754882812
2015-07-09,37.029998779296875,36.29999923706055,36.810001373291016,36.45000076293945,3280700.0,30.399295806884766
2015-07-10,37.689998626708984,36.75,37.619998931884766,36.93000030517578,2744700.0,30.799617767333984
2015-07-13,37.56999969482422,36.95000076293945,37.31999969482422,37.4900016784668,3501200.0,31.26664924621582
2015-07-14,38.279998779296875,37.38999938964844,37.38999938964844,38.0,4568800.0,31.69199562072754
2015-07-15,38.2599983215332,37.880001068115234,38.04999923706055,37.95000076293945,2658300.0,31.650291442871094
2015-07-16,38.689998626708984,38.290000915527344,38.310001373291016,38.599998474121094,2970900.0,32.192386627197266
2015-07-17,38.54999923706055,38.16999816894531,38.5,38.4900016784668,1901900.0,32.10065460205078
2015-07-20,38.630001068115234,38.220001220703125,38.560001373291016,38.34000015258789,1915400.0,31.975543975830078
2015-07-21,38.43000030517578,38.04999923706055,38.22999954223633,38.41999816894531,2037200.0,32.04227066040039
2015-07-22,38.619998931884766,38.29999923706055,38.31999969482422,38.5,2505200.0,32.10898208618164
2015-07-23,38.58000183105469,37.88999938964844,38.58000183105469,38.0,1967900.0,31.69199562072754
2015-07-24,37.9900016784668,37.34000015258789,37.9900016784668,37.47999954223633,1731100.0,31.25831413269043
2015-07-27,37.2400016784668,36.81999969482422,37.150001525878906,36.939998626708984,2364000.0,30.80794906616211
2015-07-28,37.36000061035156,36.90999984741211,37.209999084472656,37.27000045776367,2046100.0,31.083173751831055
2015-07-29,37.79999923706055,37.099998474121094,37.36000061035156,37.709999084472656,2725400.0,31.45012664794922
2015-07-30,39.47999954223633,38.4900016784668,38.59000015258789,38.9900016784668,5335200.0,32.51765060424805
2015-07-31,39.11000061035156,38.54999923706055,39.06999969482422,38.599998474121094,4027000.0,32.192386627197266
2015-08-03,38.709999084472656,38.2599983215332,38.66999816894531,38.54999923706055,2567700.0,32.150691986083984
2015-08-04,38.689998626708984,38.279998779296875,38.59000015258789,38.40999984741211,2072400.0,32.033931732177734
2015-08-05,38.970001220703125,38.52000045776367,38.81999969482422,38.72999954223633,2431300.0,32.30081558227539
2015-08-06,38.779998779296875,38.310001373291016,38.66999816894531,38.599998474121094,2471000.0,32.192386627197266
2015-08-07,38.61000061035156,38.02000045776367,38.4900016784668,38.209999084472656,2978200.0,31.86713409423828
2015-08-10,38.970001220703125,38.59000015258789,38.59000015258789,38.869998931884766,1649800.0,32.41757583618164
2015-08-11,38.560001373291016,38.15999984741211,38.459999084472656,38.33000183105469,1846100.0,31.96721076965332
2015-08-12,37.959999084472656,37.0099983215332,37.959999084472656,37.84000015258789,2350200.0,31.558555603027344
2015-08-13,37.939998626708984,37.43000030517578,37.84000015258789,37.459999084472656,2174500.0,31.24163246154785
2015-08-14,37.77000045776367,37.11000061035156,37.400001525878906,37.5099983215332,2440500.0,31.283329010009766
2015-08-17,37.68000030517578,37.16999816894531,37.310001373291016,37.65999984741211,1573800.0,31.408430099487305
2015-08-18,37.45000076293945,37.0099983215332,37.369998931884766,37.220001220703125,1995100.0,31.2656307220459
2015-08-19,37.09000015258789,36.5,37.0099983215332,36.65999984741211,2708400.0,30.79522132873535
2015-08-20,36.349998474121094,35.86000061035156,36.2599983215332,35.88999938964844,3050800.0,30.14839744567871
2015-08-21,35.70000076293945,34.58000183105469,35.540000915527344,34.599998474121094,6419700.0,29.06477165222168
2015-08-24,34.08000183105469,31.030000686645508,32.16999816894531,32.880001068115234,7096500.0,27.619932174682617
2015-08-25,34.400001525878906,32.0099983215332,34.20000076293945,32.040000915527344,7408600.0,26.9143123626709
2015-08-26,33.2400016784668,31.959999084472656,33.15999984741211,33.189998626708984,6940800.0,27.880338668823242
2015-08-27,34.77000045776367,33.4900016784668,33.65999984741211,34.560001373291016,5343300.0,29.03116798400879
2015-08-28,34.720001220703125,33.72999954223633,34.04999923706055,34.61000061035156,5000000.0,29.073165893554688
2015-08-31,34.459999084472656,33.959999084472656,34.369998931884766,34.11000061035156,3946300.0,28.653165817260742
2015-09-01,33.439998626708984,32.66999816894531,33.11000061035156,32.90999984741211,4675700.0,27.645130157470703
2015-09-02,33.63999938964844,32.58000183105469,33.29999923706055,32.959999084472656,3129400.0,27.687131881713867
2015-09-03,33.38999938964844,32.790000915527344,32.849998474121094,32.900001525878906,4821200.0,27.636737823486328
2015-09-04,32.5099983215332,31.770000457763672,32.41999816894531,31.950000762939453,5043600.0,27.060792922973633
2015-09-08,32.970001220703125,32.2400016784668,32.70000076293945,32.91999816894531,4327700.0,27.882352828979492
2015-09-09,33.689998626708984,32.439998626708984,33.349998474121094,32.529998779296875,4315700.0,27.552030563354492
2015-09-10,33.02000045776367,32.279998779296875,32.349998474121094,32.7400016784668,3514400.0,27.729894638061523
2015-09-11,32.88999938964844,32.43000030517578,32.529998779296875,32.880001068115234,2605400.0,27.848474502563477
2015-09-14,32.93000030517578,32.58000183105469,32.869998931884766,32.65999984741211,2674400.0,27.662139892578125
2015-09-15,33.45000076293945,32.56999969482422,32.66999816894531,33.2599983215332,3238700.0,28.170320510864258
2015-09-16,33.779998779296875,33.0,33.2599983215332,33.709999084472656,3086400.0,28.551462173461914
2015-09-17,34.189998626708984,33.380001068115234,33.630001068115234,33.470001220703125,3866400.0,28.348196029663086
2015-09-18,33.04999923706055,32.02000045776367,32.310001373291016,32.4900016784668,4107700.0,27.518157958984375
2015-09-21,33.16999816894531,32.63999938964844,32.93000030517578,32.849998474121094,2567900.0,27.823068618774414
2015-09-22,32.45000076293945,31.809999465942383,32.279998779296875,32.08000183105469,2707200.0,27.170894622802734
2015-09-23,32.2599983215332,31.59000015258789,32.20000076293945,31.889999389648438,2561200.0,27.00996971130371
2015-09-24,32.08000183105469,31.31999969482422,31.59000015258789,31.950000762939453,3839400.0,27.060792922973633
2015-09-25,32.54999923706055,31.899999618530273,32.369998931884766,32.02000045776367,3157400.0,27.12007713317871
2015-09-28,31.860000610351562,30.809999465942383,31.68000030517578,30.920000076293945,3475900.0,26.188404083251953
2015-09-29,31.34000015258789,30.649999618530273,31.34000015258789,30.81999969482422,4239200.0,26.103710174560547
2015-09-30,31.3799991607666,30.790000915527344,31.110000610351562,31.229999542236328,6652300.0,26.45096778869629
2015-10-01,31.579999923706055,30.8700008392334,31.270000457763672,31.479999542236328,3717000.0,26.6627140045166
2015-10-02,31.549999237060547,30.209999084472656,30.719999313354492,31.549999237060547,3560000.0,26.722000122070312
2015-10-05,32.61000061035156,31.889999389648438,31.889999389648438,32.5,3732900.0,27.52661895751953
2015-10-06,32.56999969482422,32.189998626708984,32.40999984741211,32.5,3536200.0,27.52661895751953
2015-10-07,33.220001220703125,32.56999969482422,32.72999954223633,33.0,2697500.0,27.950115203857422
2015-10-08,33.16999816894531,31.889999389648438,32.84000015258789,33.13999938964844,2438500.0,28.068689346313477
2015-10-09,33.33000183105469,32.7400016784668,33.16999816894531,32.880001068115234,2580800.0,27.848474502563477
2015-10-12,32.91999816894531,32.439998626708984,32.81999969482422,32.630001068115234,1743400.0,27.636734008789062
2015-10-13,32.58000183105469,31.420000076293945,32.54999923706055,31.459999084472656,5733800.0,26.64577293395996
2015-10-14,31.799999237060547,31.040000915527344,31.5,31.1200008392334,4318500.0,26.357805252075195
2015-10-15,32.02000045776367,31.1299991607666,31.329999923706055,32.0,3563600.0,27.103137969970703
2015-10-16,32.52000045776367,31.84000015258789,32.060001373291016,32.400001525878906,3159500.0,27.441926956176758
2015-10-19,32.290000915527344,31.65999984741211,32.2599983215332,31.75,2821600.0,26.89139747619629
2015-10-20,31.950000762939453,31.510000228881836,31.56999969482422,31.899999618530273,3712300.0,27.01844024658203
2015-10-21,32.04999923706055,31.420000076293945,32.0,31.459999084472656,1792600.0,26.64577293395996
2015-10-22,33.09000015258789,31.6200008392334,31.6200008392334,32.97999954223633,4817400.0,27.93317222595215
2015-10-23,33.970001220703125,33.2400016784668,33.369998931884766,33.900001525878906,4400400.0,28.71238899230957
2015-10-26,33.88999938964844,33.5,33.84000015258789,33.709999084472656,2704200.0,28.551462173461914
2015-10-27,33.54999923706055,33.029998779296875,33.459999084472656,33.27000045776367,2583700.0,28.17879867553711
2015-10-28,34.38999938964844,33.08000183105469,33.2599983215332,34.349998474121094,5278800.0,29.093523025512695
2015-10-29,34.4900016784668,32.61000061035156,34.18000030517578,33.4900016784668,6720200.0,28.365129470825195
2015-10-30,33.79999923706055,32.97999954223633,33.5,33.16999816894531,4961400.0,28.094097137451172
2015-11-02,33.619998931884766,33.099998474121094,33.31999969482422,33.459999084472656,3993800.0,28.339712142944336
2015-11-03,33.959999084472656,33.22999954223633,33.29999923706055,33.66999816894531,3914600.0,28.5175838470459
2015-11-04,33.81999969482422,33.380001068115234,33.720001220703125,33.540000915527344,2795900.0,28.407474517822266
2015-11-05,34.0,33.47999954223633,33.599998474121094,33.88999938964844,2670200.0,28.70391082763672
2015-11-06,34.400001525878906,33.709999084472656,34.25,34.099998474121094,3479200.0,28.881776809692383
2015-11-09,34.27000045776367,33.310001373291016,34.15999984741211,33.439998626708984,4425400.0,28.322776794433594
2015-11-10,33.59000015258789,32.650001525878906,33.29999923706055,32.970001220703125,4145000.0,27.924701690673828
2015-11-11,33.619998931884766,33.150001525878906,33.5,33.310001373291016,3407700.0,28.212675094604492
2015-11-12,33.099998474121094,32.459999084472656,32.9900016784668,32.47999954223633,3302900.0,27.50968360900879
2015-11-13,32.38999938964844,31.649999618530273,32.189998626708984,31.719999313354492,2863800.0,27.0911922454834
2015-11-16,32.209999084472656,31.479999542236328,31.639999389648438,32.18000030517578,2995900.0,27.48406410217285
2015-11-17,32.58000183105469,32.02000045776367,32.209999084472656,32.15999984741211,2669000.0,27.46697998046875
2015-11-18,33.09000015258789,32.2599983215332,32.34000015258789,33.060001373291016,2593800.0,28.23565101623535
2015-11-19,33.43000030517578,33.04999923706055,33.060001373291016,33.189998626708984,2506700.0,28.346681594848633
2015-11-20,33.63999938964844,33.060001373291016,33.38999938964844,33.20000076293945,2328100.0,28.3552188873291
2015-11-23,33.65999984741211,33.029998779296875,33.20000076293945,33.08000183105469,2997600.0,28.252729415893555
2015-11-24,33.33000183105469,32.720001220703125,32.83000183105469,33.189998626708984,2757200.0,28.346681594848633
2015-11-25,33.790000915527344,33.2400016784668,33.279998779296875,33.59000015258789,2528700.0,28.688304901123047
2015-11-27,33.63999938964844,33.220001220703125,33.56999969482422,33.599998474121094,981700.0,28.696847915649414
2015-11-30,33.849998474121094,33.4900016784668,33.650001525878906,33.689998626708984,2611900.0,28.773714065551758
2015-12-01,34.220001220703125,33.560001373291016,33.86000061035156,33.900001525878906,3002900.0,28.953067779541016
2015-12-02,34.099998474121094,33.470001220703125,33.970001220703125,33.61000061035156,2584800.0,28.70539093017578
2015-12-03,35.0,33.02000045776367,33.779998779296875,33.16999816894531,2932700.0,28.329593658447266
2015-12-04,34.02000045776367,33.06999969482422,33.310001373291016,33.83000183105469,2831300.0,28.893285751342773
2015-12-07,33.77000045776367,33.33000183105469,33.75,33.560001373291016,2276900.0,28.662683486938477
2015-12-08,33.15999984741211,32.70000076293945,33.08000183105469,32.849998474121094,3409900.0,28.056293487548828
2015-12-09,33.279998779296875,32.2599983215332,32.68000030517578,32.369998931884766,3779700.0,27.646333694458008
2015-12-10,33.189998626708984,32.2599983215332,32.5099983215332,32.790000915527344,3816800.0,28.005046844482422
2015-12-11,32.5,31.389999389648438,32.2400016784668,31.420000076293945,8226100.0,26.834970474243164
2015-12-14,31.670000076293945,30.1200008392334,31.450000762939453,30.389999389648438,6074800.0,25.955270767211914
2015-12-15,31.440000534057617,30.5,30.770000457763672,31.34000015258789,5530100.0,26.766637802124023
2015-12-16,31.959999084472656,31.049999237060547,31.68000030517578,31.899999618530273,4141600.0,27.244918823242188
2015-12-17,32.119998931884766,31.15999984741211,32.09000015258789,31.190000534057617,3060900.0,26.638526916503906
2015-12-18,31.049999237060547,30.68000030517578,31.0,30.739999771118164,6382800.0,26.254196166992188
2015-12-21,31.65999984741211,30.940000534057617,31.049999237060547,31.649999618530273,3504200.0,27.031404495239258
2015-12-22,31.989999771118164,31.309999465942383,31.780000686645508,31.729999542236328,2923600.0,27.099729537963867
2015-12-23,33.220001220703125,31.940000534057617,32.0099983215332,33.119998931884766,4146300.0,28.286890029907227
2015-12-24,33.189998626708984,32.72999954223633,33.06999969482422,32.91999816894531,1728100.0,28.116079330444336
2015-12-28,33.0,32.58000183105469,32.75,32.959999084472656,2161500.0,28.150239944458008
2015-12-29,33.61000061035156,33.16999816894531,33.209999084472656,33.56999969482422,3070000.0,28.671226501464844
2015-12-30,33.779998779296875,33.27000045776367,33.36000061035156,33.380001068115234,2735100.0,28.508953094482422
2015-12-31,33.689998626708984,33.060001373291016,33.130001068115234,33.47999954223633,3688700.0,28.594356536865234
2016-01-04,33.209999084472656,32.369998931884766,32.59000015258789,33.189998626708984,7028600.0,28.346681594848633
2016-01-05,33.540000915527344,32.68000030517578,33.34000015258789,33.099998474121094,4698700.0,28.269807815551758
2016-01-06,32.779998779296875,32.18000030517578,32.279998779296875,32.529998779296875,5198800.0,27.782983779907227
2016-01-07,31.889999389648438,31.31999969482422,31.510000228881836,31.510000228881836,6252200.0,26.911834716796875
2016-01-08,31.829999923706055,30.059999465942383,31.780000686645508,30.1299991607666,5357200.0,25.733213424682617
2016-01-11,30.309999465942383,29.270000457763672,30.229999542236328,29.93000030517578,5870100.0,25.56239891052246
2016-01-12,30.3799991607666,29.200000762939453,30.25,29.799999237060547,4515200.0,25.451370239257812
2016-01-13,30.1200008392334,28.8799991607666,30.010000228881836,29.09000015258789,6488600.0,24.84497833251953
2016-01-14,29.959999084472656,28.3799991607666,29.15999984741211,29.6299991607666,3891800.0,25.306177139282227
2016-01-15,29.25,28.34000015258789,28.56999969482422,28.760000228881836,4479600.0,24.563135147094727
2016-01-19,29.299999237060547,28.530000686645508,29.1299991607666,28.81999969482422,3336300.0,24.614377975463867
2016-01-20,28.540000915527344,27.360000610351562,28.200000762939453,28.209999084472656,5576000.0,24.09339141845703
2016-01-21,29.0,28.100000381469727,28.479999542236328,28.43000030517578,3936500.0,24.28129005432129
2016-01-22,29.540000915527344,28.889999389648438,28.959999084472656,29.479999542236328,4155900.0,25.178064346313477
2016-01-25,29.350000381469727,28.530000686645508,29.270000457763672,28.649999618530273,5248900.0,24.46919059753418
2016-01-26,29.280000686645508,28.760000228881836,28.770000457763672,29.18000030517578,3814300.0,24.921844482421875
2016-01-27,29.8799991607666,28.760000228881836,29.1299991607666,28.979999542236328,5149300.0,24.75102424621582
2016-01-28,29.850000381469727,28.280000686645508,29.270000457763672,28.549999237060547,6279900.0,24.38377571105957
2016-01-29,30.020000457763672,28.75,28.8700008392334,29.93000030517578,7523700.0,25.56239891052246
2016-02-01,29.690000534057617,28.809999465942383,29.68000030517578,29.1200008392334,5086700.0,24.8705997467041
2016-02-02,28.399999618530273,27.6299991607666,28.399999618530273,27.790000915527344,5401400.0,23.734682083129883
2016-02-03,28.110000610351562,26.75,28.030000686645508,27.56999969482422,8697100.0,23.546785354614258
2016-02-04,28.510000228881836,27.489999771118164,27.56999969482422,27.959999084472656,5238400.0,23.87987518310547
2016-02-05,28.270000457763672,26.93000030517578,27.969999313354492,27.079999923706055,6477300.0,23.12828826904297
2016-02-08,26.420000076293945,25.43000030517578,26.420000076293945,25.780000686645508,5946400.0,22.017995834350586
2016-02-09,25.940000534057617,24.920000076293945,25.030000686645508,25.649999618530273,5428200.0,21.906967163085938
2016-02-10,26.729999542236328,25.760000228881836,25.889999389648438,26.309999465942383,6798200.0,22.47065544128418
2016-02-11,25.600000381469727,24.899999618530273,25.399999618530273,25.3799991607666,6561200.0,21.676366806030273
2016-02-12,26.829999923706055,25.459999084472656,26.200000762939453,26.5,4910100.0,22.632930755615234
2016-02-16,27.0,26.40999984741211,26.799999237060547,26.700000762939453,4540800.0,23.03847885131836
2016-02-17,27.719999313354492,27.030000686645508,27.200000762939453,27.450000762939453,3539800.0,23.685623168945312
2016-02-18,27.489999771118164,26.790000915527344,27.440000534057617,27.040000915527344,4279200.0,23.33184814453125
2016-02-19,26.889999389648438,26.100000381469727,26.75,26.299999237060547,5984200.0,22.693326950073242
2016-02-22,27.290000915527344,26.670000076293945,26.790000915527344,27.18000030517578,3987000.0,23.452653884887695
2016-02-23,27.15999984741211,26.200000762939453,27.100000381469727,26.34000015258789,3847300.0,22.727846145629883
2016-02-24,26.219999313354492,25.309999465942383,25.950000762939453,26.170000076293945,3047600.0,22.581159591674805
2016-02-25,26.90999984741211,26.040000915527344,26.229999542236328,26.8799991607666,4098600.0,23.193788528442383
2016-02-26,27.459999084472656,26.959999084472656,27.170000076293945,27.100000381469727,3336000.0,23.383625030517578
2016-02-29,27.209999084472656,26.700000762939453,26.959999084472656,26.739999771118164,3377800.0,23.072988510131836
2016-03-01,27.8799991607666,26.989999771118164,27.06999969482422,27.8799991607666,5321300.0,24.056659698486328
2016-03-02,28.229999542236328,27.729999542236328,27.950000762939453,28.219999313354492,4456200.0,24.35003089904785
2016-03-03,28.649999618530273,28.100000381469727,28.200000762939453,28.600000381469727,3505100.0,24.677919387817383
2016-03-04,29.389999389648438,28.459999084472656,28.75,29.09000015258789,4655900.0,25.100725173950195
2016-03-07,29.209999084472656,28.600000381469727,28.75,29.010000228881836,2980600.0,25.03169059753418
2016-03-08,28.81999969482422,28.09000015258789,28.65999984741211,28.200000762939453,3104800.0,24.332775115966797
2016-03-09,28.5,27.670000076293945,28.479999542236328,28.190000534057617,3549400.0,24.324146270751953
2016-03-10,28.610000610351562,27.68000030517578,28.489999771118164,28.329999923706055,4979500.0,24.4449462890625
2016-03-11,30.079999923706055,28.860000610351562,29.1200008392334,30.0,4970200.0,25.88593101501465
2016-03-14,30.09000015258789,29.540000915527344,29.739999771118164,29.959999084472656,4225800.0,25.85141372680664
2016-03-15,29.709999084472656,29.149999618530273,29.6200008392334,29.600000381469727,3046700.0,25.540782928466797
2016-03-16,30.25,29.270000457763672,29.40999984741211,30.1299991607666,3594100.0,25.998098373413086
2016-03-17,31.170000076293945,30.110000610351562,30.1200008392334,30.920000076293945,3758000.0,26.679765701293945
2016-03-18,31.459999084472656,30.6200008392334,31.1200008392334,31.010000228881836,8770900.0,26.757421493530273
2016-03-21,31.139999389648438,30.68000030517578,31.06999969482422,30.969999313354492,2673100.0,26.72290802001953
2016-03-22,30.979999542236328,30.3700008392334,30.600000381469727,30.81999969482422,2354200.0,26.593477249145508
2016-03-23,30.81999969482422,30.190000534057617,30.81999969482422,30.399999618530273,3100700.0,26.23107147216797
2016-03-24,30.34000015258789,29.81999969482422,30.020000457763672,30.329999923706055,2046700.0,26.170673370361328
2016-03-28,30.639999389648438,30.06999969482422,30.329999923706055,30.489999771118164,1709500.0,26.308731079101562
2016-03-29,30.93000030517578,29.93000030517578,30.25,30.8700008392334,2284100.0,26.63662338256836
2016-03-30,31.549999237060547,31.030000686645508,31.219999313354492,31.260000228881836,3257100.0,26.973140716552734
2016-03-31,31.40999984741211,30.489999771118164,31.190000534057617,30.770000457763672,7780900.0,26.55033302307129
2016-04-01,31.459999084472656,30.389999389648438,30.489999771118164,31.3799991607666,4467400.0,27.076679229736328
2016-04-04,31.559999465942383,30.989999771118164,31.34000015258789,31.09000015258789,4568000.0,26.826452255249023
2016-04-05,30.860000610351562,30.18000030517578,30.469999313354492,30.690000534057617,4782500.0,26.481307983398438
2016-04-06,31.1299991607666,30.489999771118164,30.540000915527344,30.760000228881836,3341500.0,26.541706085205078
2016-04-07,30.84000015258789,29.5,30.43000030517578,29.600000381469727,6159500.0,25.540782928466797
2016-04-08,30.079999923706055,29.510000228881836,29.959999084472656,29.600000381469727,3786900.0,25.540782928466797
2016-04-11,30.18000030517578,29.59000015258789,29.8799991607666,29.6200008392334,4317000.0,25.558042526245117
2016-04-12,30.229999542236328,29.510000228881836,29.84000015258789,30.079999923706055,4566400.0,25.954957962036133
2016-04-13,31.219999313354492,30.520000457763672,30.579999923706055,31.219999313354492,3525600.0,26.938621520996094
2016-04-14,31.549999237060547,30.979999542236328,31.190000534057617,31.309999465942383,2387300.0,27.016279220581055
2016-04-15,31.3799991607666,31.06999969482422,31.290000915527344,31.239999771118164,2292000.0,26.955883026123047
2016-04-18,31.65999984741211,30.989999771118164,31.06999969482422,31.530000686645508,2791900.0,27.20611000061035
2016-04-19,31.989999771118164,31.549999237060547,31.709999084472656,31.790000915527344,2044200.0,27.43045425415039
2016-04-20,32.5099983215332,31.770000457763672,31.920000076293945,32.380001068115234,2848600.0,27.939544677734375
2016-04-21,32.58000183105469,32.040000915527344,32.349998474121094,32.310001373291016,3097600.0,27.879146575927734
2016-04-22,32.70000076293945,32.13999938964844,32.400001525878906,32.36000061035156,2330200.0,27.92228889465332
2016-04-25,32.34000015258789,31.68000030517578,32.16999816894531,31.81999969482422,3400400.0,27.45633888244629
2016-04-26,32.45000076293945,31.81999969482422,32.040000915527344,32.43000030517578,2610300.0,27.982690811157227
2016-04-27,32.849998474121094,32.22999954223633,32.310001373291016,32.72999954223633,3289400.0,28.24155044555664
2016-04-28,32.119998931884766,31.329999923706055,31.90999984741211,31.489999771118164,5301500.0,27.171598434448242
2016-04-29,31.350000381469727,30.510000228881836,31.15999984741211,31.010000228881836,3882000.0,26.757421493530273
2016-05-02,31.43000030517578,30.68000030517578,30.829999923706055,31.059999465942383,3829300.0,26.800565719604492
2016-05-03,30.610000610351562,29.639999389648438,30.610000610351562,30.1299991607666,5328100.0,25.998098373413086
2016-05-04,30.040000915527344,29.489999771118164,29.809999465942383,29.719999313354492,2746500.0,25.644329071044922
2016-05-05,29.989999771118164,29.360000610351562,29.809999465942383,29.469999313354492,3499700.0,25.42860984802246
2016-05-06,29.700000762939453,29.079999923706055,29.280000686645508,29.65999984741211,2937600.0,25.592557907104492
2016-05-09,29.790000915527344,29.43000030517578,29.649999618530273,29.540000915527344,2314900.0,25.489011764526367
2016-05-10,30.059999465942383,29.68000030517578,29.729999542236328,29.989999771118164,2660500.0,25.87729835510254
2016-05-11,29.649999618530273,29.020000457763672,29.450000762939453,29.049999237060547,3562300.0,25.302440643310547
2016-05-12,29.559999465942383,28.889999389648438,29.329999923706055,29.059999465942383,2679700.0,25.311153411865234
2016-05-13,29.40999984741211,28.350000381469727,28.969999313354492,28.3799991607666,3403800.0,24.718873977661133
2016-05-16,28.690000534057617,28.270000457763672,28.440000534057617,28.450000762939453,5191400.0,24.77984619140625
2016-05-17,28.809999465942383,28.079999923706055,28.350000381469727,28.40999984741211,5230800.0,24.745006561279297
2016-05-18,28.989999771118164,28.350000381469727,28.40999984741211,28.989999771118164,5730000.0,25.25018310546875
2016-05-19,29.0,28.3799991607666,28.670000076293945,28.790000915527344,4261500.0,25.075984954833984
2016-05-20,29.6200008392334,28.959999084472656,29.040000915527344,29.540000915527344,5756600.0,25.729230880737305
2016-05-23,29.959999084472656,29.420000076293945,29.420000076293945,29.8700008392334,4309400.0,26.01666259765625
2016-05-24,30.860000610351562,30.030000686645508,30.06999969482422,30.729999542236328,4962900.0,26.765714645385742
2016-05-25,31.43000030517578,30.889999389648438,30.979999542236328,31.3700008392334,4559800.0,27.323156356811523
2016-05-26,31.399999618530273,31.06999969482422,31.34000015258789,31.100000381469727,3191900.0,27.08798599243164
2016-05-27,31.559999465942383,31.0,31.170000076293945,31.450000762939453,2535700.0,27.392833709716797
2016-05-31,31.670000076293945,31.190000534057617,31.559999465942383,31.399999618530273,3503800.0,27.349285125732422
2016-06-01,31.399999618530273,30.649999618530273,31.059999465942383,31.309999465942383,2468600.0,27.27089500427246
2016-06-02,31.0,30.559999465942383,31.0,30.829999923706055,2800700.0,26.85281753540039
2016-06-03,30.549999237060547,30.010000228881836,30.399999618530273,30.40999984741211,5252900.0,26.486997604370117
2016-06-06,30.8700008392334,30.360000610351562,30.489999771118164,30.610000610351562,6585000.0,26.66119956970215
2016-06-07,30.700000762939453,29.84000015258789,30.649999618530273,29.850000381469727,5261600.0,25.999238967895508
2016-06-08,30.1299991607666,29.540000915527344,29.84000015258789,29.59000015258789,6012100.0,25.772783279418945
2016-06-09,29.350000381469727,28.709999084472656,29.350000381469727,29.06999969482422,5232400.0,25.319860458374023
2016-06-10,28.65999984741211,28.290000915527344,28.600000381469727,28.420000076293945,4298200.0,24.75371551513672
2016-06-13,28.709999084472656,27.90999984741211,28.200000762939453,27.950000762939453,6005900.0,24.34434700012207
2016-06-14,28.049999237060547,27.229999542236328,27.81999969482422,27.399999618530273,4759500.0,23.865299224853516
2016-06-15,28.020000457763672,27.360000610351562,27.579999923706055,27.399999618530273,4708500.0,23.865299224853516
2016-06-16,27.540000915527344,26.81999969482422,27.040000915527344,27.510000228881836,4304900.0,23.961111068725586
2016-06-17,28.059999465942383,27.489999771118164,27.56999969482422,27.729999542236328,8511500.0,24.152725219726562
2016-06-20,28.81999969482422,28.440000534057617,28.440000534057617,28.6299991607666,7407000.0,24.93662452697754
2016-06-21,28.850000381469727,28.510000228881836,28.729999542236328,28.649999618530273,4109100.0,24.954042434692383
2016-06-22,29.149999618530273,28.700000762939453,28.799999237060547,28.770000457763672,3621200.0,25.058561325073242
2016-06-23,29.639999389648438,29.25,29.280000686645508,29.6200008392334,3043200.0,25.798913955688477
2016-06-24,27.5,25.549999237060547,27.450000762939453,25.56999969482422,13759700.0,22.27137565612793
2016-06-27,24.969999313354492,23.020000457763672,24.969999313354492,23.15999984741211,10701900.0,20.172277450561523
2016-06-28,24.18000030517578,23.489999771118164,23.770000457763672,23.989999771118164,10607100.0,20.89519691467285
2016-06-29,24.860000610351562,24.219999313354492,24.440000534057617,24.850000381469727,6766500.0,21.64426040649414
2016-06-30,25.540000915527344,24.760000228881836,25.0,25.540000915527344,8218500.0,22.245250701904297
2016-07-01,26.010000228881836,25.260000228881836,25.479999542236328,25.329999923706055,4681600.0,22.06233787536621
2016-07-05,24.979999542236328,24.479999542236328,24.940000534057617,24.770000457763672,4958400.0,21.57457733154297
2016-07-06,25.049999237060547,24.34000015258789,24.510000228881836,24.989999771118164,4403300.0,21.766197204589844
2016-07-07,25.420000076293945,24.81999969482422,24.969999313354492,25.15999984741211,4619100.0,21.914262771606445
2016-07-08,25.899999618530273,25.489999771118164,25.709999084472656,25.6299991607666,5498300.0,22.32363510131836
2016-07-11,26.1200008392334,25.6299991607666,25.940000534057617,25.81999969482422,4797300.0,22.489124298095703
2016-07-12,27.0,26.280000686645508,26.399999618530273,26.860000610351562,6744600.0,23.39495849609375
2016-07-13,26.899999618530273,26.440000534057617,26.860000610351562,26.68000030517578,4238200.0,23.238183975219727
2016-07-14,27.6200008392334,26.950000762939453,27.479999542236328,27.15999984741211,5162600.0,23.656259536743164
2016-07-15,27.540000915527344,27.15999984741211,27.350000381469727,27.420000076293945,3314900.0,23.882719039916992
2016-07-18,27.829999923706055,27.43000030517578,27.549999237060547,27.68000030517578,2759400.0,24.109176635742188
2016-07-19,27.75,27.06999969482422,27.40999984741211,27.600000381469727,2674500.0,24.03949737548828
2016-07-20,28.110000610351562,27.540000915527344,27.84000015258789,28.010000228881836,4118600.0,24.3966064453125
2016-07-21,28.190000534057617,27.959999084472656,28.0,28.110000610351562,2973900.0,24.483705520629883
2016-07-22,28.489999771118164,28.040000915527344,28.110000610351562,28.450000762939453,3586900.0,24.77984619140625
2016-07-25,28.549999237060547,28.260000228881836,28.309999465942383,28.40999984741211,3370300.0,24.745006561279297
2016-07-26,28.65999984741211,28.239999771118164,28.420000076293945,28.3700008392334,3993100.0,24.710166931152344
2016-07-27,28.729999542236328,28.34000015258789,28.3700008392334,28.610000610351562,4071100.0,24.91920280456543
2016-07-28,29.559999465942383,28.520000457763672,28.81999969482422,28.920000076293945,4375100.0,25.1892147064209
2016-07-29,29.239999771118164,28.65999984741211,28.690000534057617,29.18000030517578,4163100.0,25.415672302246094
2016-08-01,29.3700008392334,28.84000015258789,29.219999313354492,29.040000915527344,3295900.0,25.293733596801758
2016-08-02,29.200000762939453,28.149999618530273,28.959999084472656,28.270000457763672,6407600.0,24.62306785583496
2016-08-03,29.059999465942383,28.350000381469727,28.40999984741211,29.020000457763672,2935400.0,25.27631378173828
2016-08-04,29.15999984741211,28.700000762939453,28.93000030517578,28.920000076293945,2102200.0,25.1892147064209
2016-08-05,29.8799991607666,29.309999465942383,29.360000610351562,29.549999237060547,4625600.0,25.737939834594727
2016-08-08,29.899999618530273,29.5,29.690000534057617,29.700000762939453,3024900.0,25.86859130859375
2016-08-09,29.68000030517578,29.280000686645508,29.68000030517578,29.479999542236328,2842400.0,25.676969528198242
2016-08-10,29.579999923706055,29.309999465942383,29.489999771118164,29.389999389648438,2117900.0,25.598581314086914
2016-08-11,29.799999237060547,29.40999984741211,29.559999465942383,29.700000762939453,2477900.0,25.86859130859375
2016-08-12,29.809999465942383,29.229999542236328,29.239999771118164,29.760000228881836,2502500.0,25.920852661132812
2016-08-15,30.149999618530273,29.829999923706055,29.8799991607666,29.93000030517578,2956200.0,26.068920135498047
2016-08-16,29.84000015258789,29.520000457763672,29.600000381469727,29.729999542236328,2893900.0,26.139257431030273
2016-08-17,30.079999923706055,29.579999923706055,29.670000076293945,29.950000762939453,2851500.0,26.332685470581055
2016-08-18,30.170000076293945,29.829999923706055,29.889999389648438,30.170000076293945,2755400.0,26.5261173248291
2016-08-19,30.40999984741211,29.90999984741211,29.950000762939453,30.290000915527344,2837300.0,26.631622314453125
2016-08-22,30.40999984741211,30.030000686645508,30.139999389648438,30.280000686645508,2947300.0,26.622827529907227
2016-08-23,30.719999313354492,30.520000457763672,30.549999237060547,30.600000381469727,2194800.0,26.9041805267334
2016-08-24,30.799999237060547,30.549999237060547,30.729999542236328,30.68000030517578,2986400.0,26.974519729614258
2016-08-25,30.75,30.399999618530273,30.549999237060547,30.739999771118164,4308200.0,27.02726936340332
2016-08-26,31.18000030517578,30.690000534057617,30.90999984741211,30.8799991607666,4123000.0,27.150362014770508
2016-08-29,31.329999923706055,30.920000076293945,30.920000076293945,30.959999084472656,3210200.0,27.2206974029541
2016-08-30,31.34000015258789,31.010000228881836,31.100000381469727,31.190000534057617,4325100.0,27.422922134399414
2016-08-31,31.489999771118164,30.989999771118164,31.260000228881836,31.190000534057617,4251600.0,27.422922134399414
2016-09-01,31.510000228881836,30.790000915527344,31.31999969482422,31.100000381469727,2866800.0,27.34379005432129
2016-09-02,31.549999237060547,31.139999389648438,31.299999237060547,31.479999542236328,2156300.0,27.67789649963379
2016-09-06,31.649999618530273,31.190000534057617,31.479999542236328,31.329999923706055,3146100.0,27.54601287841797
2016-09-07,31.639999389648438,31.190000534057617,31.239999771118164,31.469999313354492,2325400.0,27.669105529785156
2016-09-08,31.639999389648438,31.3799991607666,31.459999084472656,31.489999771118164,2525300.0,27.686689376831055
2016-09-09,31.469999313354492,30.770000457763672,31.360000610351562,30.780000686645508,4356900.0,27.062440872192383
2016-09-12,31.760000228881836,30.06999969482422,30.489999771118164,31.610000610351562,5112500.0,27.792194366455078
2016-09-13,30.959999084472656,30.299999237060547,30.920000076293945,30.510000228881836,4887900.0,26.825050354003906
2016-09-14,30.760000228881836,30.229999542236328,30.459999084472656,30.31999969482422,4630800.0,26.658000946044922
2016-09-15,30.8799991607666,30.06999969482422,30.139999389648438,30.700000762939453,3111900.0,26.992103576660156
2016-09-16,30.40999984741211,29.8799991607666,30.3700008392334,30.18000030517578,10349000.0,26.534908294677734
2016-09-19,30.84000015258789,30.260000228881836,30.399999618530273,30.299999237060547,2917000.0,26.640413284301758
2016-09-20,30.84000015258789,30.389999389648438,30.65999984741211,30.479999542236328,3822000.0,26.79867172241211
2016-09-21,30.920000076293945,30.40999984741211,30.739999771118164,30.84000015258789,3189400.0,27.11519432067871
2016-09-22,31.3700008392334,30.940000534057617,31.1200008392334,31.100000381469727,2725800.0,27.34379005432129
2016-09-23,31.059999465942383,30.5,30.950000762939453,30.540000915527344,2207100.0,26.851428985595703
2016-09-26,30.670000076293945,30.1299991607666,30.280000686645508,30.280000686645508,2780200.0,26.622827529907227
2016-09-27,30.719999313354492,30.059999465942383,30.34000015258789,30.709999084472656,2341600.0,27.000892639160156
2016-09-28,31.0,30.520000457763672,30.809999465942383,30.979999542236328,2705900.0,27.238285064697266
2016-09-29,31.190000534057617,30.170000076293945,30.84000015258789,30.440000534057617,3077400.0,26.76350975036621
2016-09-30,31.43000030517578,30.56999969482422,30.809999465942383,31.270000457763672,3411400.0,27.49325942993164
2016-10-03,31.709999084472656,31.149999618530273,31.239999771118164,31.459999084472656,3791400.0,27.660314559936523
2016-10-04,31.68000030517578,31.0,31.540000915527344,31.389999389648438,4063700.0,27.598764419555664
2016-10-05,32.029998779296875,31.549999237060547,31.559999465942383,31.969999313354492,2904600.0,28.10871696472168
2016-10-06,31.940000534057617,31.6200008392334,31.8700008392334,31.829999923706055,3210100.0,27.98562240600586
2016-10-07,31.899999618530273,30.8799991607666,31.790000915527344,31.1299991607666,5942000.0,27.370166778564453
2016-10-10,31.639999389648438,31.149999618530273,31.34000015258789,31.25,4400500.0,27.475677490234375
2016-10-11,31.440000534057617,30.3700008392334,31.09000015258789,30.540000915527344,5699000.0,26.851428985595703
2016-10-12,31.329999923706055,30.59000015258789,30.59000015258789,30.799999237060547,4767900.0,27.080028533935547
2016-10-13,30.43000030517578,29.739999771118164,30.43000030517578,30.309999465942383,2450400.0,26.64920997619629
2016-10-14,30.690000534057617,29.899999618530273,30.530000686645508,29.90999984741211,4686800.0,26.29751968383789
2016-10-17,30.059999465942383,29.479999542236328,29.969999313354492,29.56999969482422,4071900.0,25.998580932617188
2016-10-18,30.0,29.530000686645508,30.0,29.59000015258789,4244400.0,26.01616668701172
2016-10-19,29.989999771118164,29.700000762939453,29.739999771118164,29.75,3703500.0,26.156845092773438
2016-10-20,30.0,29.65999984741211,29.700000762939453,29.81999969482422,3297200.0,26.2183895111084
2016-10-21,29.979999542236328,29.5,29.579999923706055,29.829999923706055,3306200.0,26.2271785736084
2016-10-24,30.239999771118164,29.969999313354492,30.010000228881836,30.100000381469727,3482200.0,26.464567184448242
2016-10-25,30.239999771118164,29.559999465942383,30.09000015258789,29.579999923706055,3044100.0,26.007375717163086
2016-10-26,29.790000915527344,29.209999084472656,29.399999618530273,29.700000762939453,5206000.0,26.112878799438477
2016-10-27,29.549999237060547,28.549999237060547,29.290000915527344,29.09000015258789,6021100.0,25.57655906677246
2016-10-28,29.190000534057617,28.229999542236328,29.15999984741211,28.540000915527344,4924700.0,25.092985153198242
2016-10-31,28.6200008392334,28.09000015258789,28.610000610351562,28.09000015258789,4140000.0,24.697336196899414
2016-11-01,28.40999984741211,27.68000030517578,28.280000686645508,28.040000915527344,3380000.0,24.65337371826172
2016-11-02,27.950000762939453,27.459999084472656,27.950000762939453,27.670000076293945,3535800.0,24.328062057495117
2016-11-03,28.0,27.6299991607666,27.8799991607666,27.850000381469727,4162300.0,24.4863224029541
2016-11-04,28.18000030517578,27.579999923706055,27.829999923706055,27.860000610351562,4644100.0,24.495113372802734
2016-11-07,28.889999389648438,28.3700008392334,28.579999923706055,28.479999542236328,3775300.0,25.04022789001465
2016-11-08,28.610000610351562,28.059999465942383,28.350000381469727,28.399999618530273,2714700.0,24.96989631652832
2016-11-09,30.280000686645508,28.56999969482422,29.100000381469727,30.09000015258789,5771500.0,26.455778121948242
2016-11-10,31.709999084472656,30.139999389648438,30.139999389648438,31.0,5509000.0,27.511878967285156
2016-11-11,31.239999771118164,30.549999237060547,30.770000457763672,31.200000762939453,5617400.0,27.941753387451172
2016-11-14,32.16999816894531,31.350000381469727,31.489999771118164,31.969999313354492,5724400.0,28.6313419342041
2016-11-15,32.36000061035156,31.40999984741211,31.59000015258789,32.310001373291016,4422800.0,28.93583869934082
2016-11-16,32.29999923706055,31.770000457763672,31.950000762939453,31.780000686645508,2896000.0,28.461183547973633
2016-11-17,32.04999923706055,31.6299991607666,31.81999969482422,31.899999618530273,3251200.0,28.568649291992188
2016-11-18,32.0,31.479999542236328,31.90999984741211,31.520000457763672,3687500.0,28.228334426879883
2016-11-21,31.799999237060547,31.350000381469727,31.790000915527344,31.780000686645508,3109600.0,28.461183547973633
2016-11-22,31.959999084472656,31.40999984741211,31.959999084472656,31.729999542236328,2449600.0,28.416404724121094
2016-11-23,31.950000762939453,31.469999313354492,31.760000228881836,31.670000076293945,2009200.0,28.362668991088867
2016-11-25,31.81999969482422,31.540000915527344,31.690000534057617,31.65999984741211,901800.0,28.35371208190918
2016-11-28,31.520000457763672,31.170000076293945,31.350000381469727,31.229999542236328,2934500.0,27.968618392944336
2016-11-29,31.389999389648438,30.8799991607666,31.329999923706055,30.940000534057617,2611400.0,27.708904266357422
2016-11-30,31.6200008392334,31.209999084472656,31.530000686645508,31.309999465942383,3269200.0,28.040266036987305
2016-12-01,31.920000076293945,31.3700008392334,31.639999389648438,31.6200008392334,2830100.0,28.31789207458496
2016-12-02,31.600000381469727,31.260000228881836,31.489999771118164,31.420000076293945,2349400.0,28.138776779174805
2016-12-05,32.0099983215332,31.40999984741211,31.81999969482422,31.719999313354492,3345900.0,28.40744972229004
2016-12-06,32.33000183105469,31.829999923706055,31.8799991607666,32.2400016784668,3551900.0,28.873146057128906
2016-12-07,32.84000015258789,32.13999938964844,32.2400016784668,32.72999954223633,2770400.0,29.31197166442871
2016-12-08,33.34000015258789,32.77000045776367,32.880001068115234,33.15999984741211,2687600.0,29.69706916809082
2016-12-09,33.20000076293945,32.72999954223633,33.06999969482422,32.790000915527344,2636100.0,29.36570930480957
2016-12-12,32.81999969482422,32.18000030517578,32.779998779296875,32.310001373291016,2951900.0,28.93583869934082
2016-12-13,32.540000915527344,31.530000686645508,32.5099983215332,31.739999771118164,6196900.0,28.425357818603516
2016-12-14,32.099998474121094,31.290000915527344,31.479999542236328,31.520000457763672,5014900.0,28.228334426879883
2016-12-15,32.13999938964844,31.459999084472656,31.639999389648438,31.649999618530273,3498900.0,28.344755172729492
2016-12-16,32.349998474121094,31.309999465942383,31.920000076293945,31.399999618530273,6642500.0,28.120866775512695
2016-12-19,31.670000076293945,31.110000610351562,31.31999969482422,31.399999618530273,2629400.0,28.120866775512695
2016-12-20,31.959999084472656,31.6200008392334,31.739999771118164,31.829999923706055,3185800.0,28.505958557128906
2016-12-21,31.799999237060547,31.25,31.790000915527344,31.440000534057617,2670400.0,28.156688690185547
2016-12-22,31.40999984741211,30.780000686645508,31.40999984741211,31.049999237060547,2706200.0,27.807418823242188
2016-12-23,31.1200008392334,30.68000030517578,31.1200008392334,30.860000610351562,1499800.0,27.637256622314453
2016-12-27,31.309999465942383,30.899999618530273,31.020000457763672,31.15999984741211,1751500.0,27.905927658081055
2016-12-28,31.299999237060547,30.329999923706055,31.270000457763672,30.350000381469727,2633900.0,27.180517196655273
2016-12-29,30.440000534057617,29.959999084472656,30.3799991607666,30.100000381469727,3282500.0,26.956623077392578
2016-12-30,30.459999084472656,30.190000534057617,30.329999923706055,30.34000015258789,2170400.0,27.17156410217285
2017-01-03,31.239999771118164,30.559999465942383,30.979999542236328,30.93000030517578,3483500.0,27.699951171875
2017-01-04,31.81999969482422,30.950000762939453,31.040000915527344,31.770000457763672,3470400.0,28.452226638793945
2017-01-05,31.799999237060547,31.059999465942383,31.559999465942383,31.520000457763672,2797500.0,28.228334426879883
2017-01-06,31.6299991607666,31.18000030517578,31.600000381469727,31.530000686645508,3522500.0,28.23729133605957
2017-01-09,31.549999237060547,30.84000015258789,31.25,30.850000381469727,3525000.0,27.6283016204834
2017-01-10,31.010000228881836,30.639999389648438,30.850000381469727,30.670000076293945,2896000.0,27.46710205078125
2017-01-11,31.1299991607666,30.579999923706055,30.610000610351562,31.110000610351562,2361400.0,27.86115074157715
2017-01-12,31.149999618530273,30.459999084472656,30.889999389648438,31.049999237060547,2984700.0,27.807418823242188
2017-01-13,31.549999237060547,31.059999465942383,31.139999389648438,31.100000381469727,2411200.0,27.85219383239746
2017-01-17,30.940000534057617,30.450000762939453,30.899999618530273,30.549999237060547,2826800.0,27.359630584716797
2017-01-18,30.56999969482422,30.239999771118164,30.43000030517578,30.549999237060547,3512500.0,27.359630584716797
2017-01-19,30.81999969482422,30.1200008392334,30.639999389648438,30.170000076293945,3964800.0,27.019317626953125
2017-01-20,30.530000686645508,30.200000762939453,30.290000915527344,30.520000457763672,3855500.0,27.332767486572266
2017-01-23,30.510000228881836,30.110000610351562,30.3799991607666,30.459999084472656,1988500.0,27.27903175354004
2017-01-24,31.299999237060547,30.56999969482422,30.610000610351562,30.850000381469727,3467700.0,27.6283016204834
2017-01-25,31.489999771118164,30.850000381469727,31.270000457763672,31.09000015258789,3511600.0,27.843238830566406
2017-01-26,31.530000686645508,29.889999389648438,31.440000534057617,30.0,4882300.0,26.8670711517334
2017-01-27,30.030000686645508,29.329999923706055,29.959999084472656,29.510000228881836,4015300.0,26.428241729736328
2017-01-30,29.43000030517578,28.84000015258789,29.43000030517578,29.219999313354492,4102300.0,26.168527603149414
2017-01-31,29.18000030517578,28.75,29.1200008392334,28.920000076293945,4944800.0,25.899852752685547
2017-02-01,29.700000762939453,29.09000015258789,29.15999984741211,29.59000015258789,3632600.0,26.49988555908203
2017-02-02,29.65999984741211,29.06999969482422,29.239999771118164,29.549999237060547,3505300.0,26.464061737060547
2017-02-03,30.93000030517578,30.1299991607666,30.15999984741211,30.899999618530273,5353900.0,27.673084259033203
2017-02-06,30.979999542236328,30.40999984741211,30.59000015258789,30.459999084472656,2567300.0,27.27903175354004
2017-02-07,30.690000534057617,30.1299991607666,30.649999618530273,30.43000030517578,2406000.0,27.252164840698242
2017-02-08,30.600000381469727,29.979999542236328,30.209999084472656,30.520000457763672,2658800.0,27.332767486572266
2017-02-09,31.540000915527344,30.520000457763672,30.520000457763672,31.5,3904500.0,28.21042251586914
2017-02-10,32.189998626708984,31.709999084472656,31.739999771118164,31.84000015258789,3905300.0,28.514917373657227
2017-02-13,32.22999954223633,31.829999923706055,32.029998779296875,32.11000061035156,2251500.0,28.75672149658203
2017-02-14,32.13999938964844,31.65999984741211,31.760000228881836,32.0,2227700.0,28.910306930541992
2017-02-15,32.81999969482422,32.11000061035156,32.369998931884766,32.709999084472656,2972900.0,29.551753997802734
2017-02-16,32.7599983215332,32.40999984741211,32.689998626708984,32.54999923706055,2188500.0,29.407201766967773
2017-02-17,32.56999969482422,32.02000045776367,32.04999923706055,32.540000915527344,2120300.0,29.398170471191406
2017-02-21,33.220001220703125,32.7400016784668,32.75,33.150001525878906,3064600.0,29.949268341064453
2017-02-22,33.439998626708984,32.88999938964844,32.91999816894531,33.349998474121094,3770500.0,30.129955291748047
2017-02-23,33.459999084472656,32.970001220703125,33.459999084472656,33.0,3407400.0,29.813753128051758
2017-02-24,32.84000015258789,32.529998779296875,32.560001373291016,32.65999984741211,3424900.0,29.50658416748047
2017-02-27,32.810001373291016,32.529998779296875,32.619998931884766,32.650001525878906,2425000.0,29.497549057006836
2017-02-28,32.5099983215332,31.899999618530273,32.459999084472656,32.189998626708984,5043300.0,29.081958770751953
2017-03-01,33.18000030517578,32.40999984741211,32.93000030517578,32.45000076293945,5488000.0,29.316856384277344
2017-03-02,32.619998931884766,32.16999816894531,32.47999954223633,32.380001068115234,3480100.0,29.25361442565918
2017-03-03,32.54999923706055,32.08000183105469,32.439998626708984,32.33000183105469,2671500.0,29.20844268798828
2017-03-06,32.38999938964844,32.06999969482422,32.15999984741211,32.189998626708984,2590900.0,29.081958770751953
2017-03-07,32.369998931884766,31.860000610351562,32.150001525878906,31.959999084472656,3799600.0,28.874168395996094
2017-03-08,32.400001525878906,32.119998931884766,32.279998779296875,32.209999084472656,2300000.0,29.10002899169922
2017-03-09,32.45000076293945,32.099998474121094,32.310001373291016,32.2599983215332,2635800.0,29.145200729370117
2017-03-10,32.4900016784668,31.649999618530273,32.439998626708984,31.790000915527344,3617000.0,28.720582962036133
2017-03-13,31.920000076293945,31.469999313354492,31.920000076293945,31.670000076293945,2729700.0,28.61216926574707
2017-03-14,31.600000381469727,31.110000610351562,31.530000686645508,31.579999923706055,2959400.0,28.530860900878906
2017-03-15,32.56999969482422,32.029998779296875,32.11000061035156,32.5,3014800.0,29.36203384399414
2017-03-16,32.810001373291016,32.5,32.779998779296875,32.68000030517578,2005200.0,29.524648666381836
2017-03-17,32.720001220703125,31.18000030517578,32.720001220703125,31.229999542236328,5448100.0,28.21465301513672
2017-03-20,31.34000015258789,30.799999237060547,31.18000030517578,31.09000015258789,2711300.0,28.088171005249023
2017-03-21,31.729999542236328,30.200000762939453,31.329999923706055,30.280000686645508,3662500.0,27.356380462646484
2017-03-22,30.209999084472656,29.700000762939453,30.1299991607666,30.100000381469727,3305700.0,27.193754196166992
2017-03-23,30.790000915527344,30.020000457763672,30.09000015258789,30.219999313354492,3201400.0,27.302169799804688
2017-03-24,30.530000686645508,29.950000762939453,30.31999969482422,30.100000381469727,3466500.0,27.193754196166992
2017-03-27,30.040000915527344,29.360000610351562,29.6299991607666,30.0,3811000.0,27.103412628173828
2017-03-28,30.979999542236328,29.8700008392334,29.959999084472656,30.770000457763672,3481600.0,27.7990665435791
2017-03-29,30.829999923706055,30.530000686645508,30.700000762939453,30.59000015258789,2165900.0,27.636445999145508
2017-03-30,30.860000610351562,30.420000076293945,30.540000915527344,30.719999313354492,2402800.0,27.753894805908203
2017-03-31,30.8700008392334,30.469999313354492,30.559999465942383,30.6299991607666,2970700.0,27.67258071899414
2017-04-03,30.729999542236328,30.1299991607666,30.610000610351562,30.59000015258789,2513200.0,27.636445999145508
2017-04-04,30.690000534057617,30.40999984741211,30.420000076293945,30.489999771118164,1849500.0,27.546100616455078
2017-04-05,31.020000457763672,30.260000228881836,30.760000228881836,30.280000686645508,1967600.0,27.356380462646484
2017-04-06,30.68000030517578,30.15999984741211,30.3799991607666,30.59000015258789,1870700.0,27.636445999145508
2017-04-07,30.579999923706055,30.200000762939453,30.31999969482422,30.3700008392334,2790800.0,27.437686920166016
2017-04-10,31.010000228881836,30.309999465942383,30.3700008392334,30.75,3003900.0,27.7810001373291
2017-04-11,30.8700008392334,30.149999618530273,30.579999923706055,30.809999465942383,2834800.0,27.835205078125
2017-04-12,30.920000076293945,30.360000610351562,30.829999923706055,30.479999542236328,3275400.0,27.537067413330078
2017-04-13,30.600000381469727,30.020000457763672,30.299999237060547,30.030000686645508,2472600.0,27.130516052246094
2017-04-17,30.770000457763672,30.100000381469727,30.1200008392334,30.729999542236328,2266300.0,27.76292610168457
2017-04-18,30.84000015258789,30.3700008392334,30.559999465942383,30.639999389648438,3066800.0,27.68161964416504
2017-04-19,31.139999389648438,30.8700008392334,30.959999084472656,31.010000228881836,3117100.0,28.015892028808594
2017-04-20,31.59000015258789,31.030000686645508,31.190000534057617,31.520000457763672,3532900.0,28.47665023803711
2017-04-21,31.639999389648438,31.139999389648438,31.5,31.280000686645508,2734300.0,28.259824752807617
2017-04-24,32.2599983215332,31.8799991607666,32.0,32.029998779296875,3774500.0,28.937408447265625
2017-04-25,32.33000183105469,32.0,32.29999923706055,32.16999816894531,2664200.0,29.063888549804688
2017-04-26,32.68000030517578,32.0099983215332,32.11000061035156,32.439998626708984,4084000.0,29.30782127380371
2017-04-27,33.130001068115234,31.989999771118164,32.70000076293945,33.119998931884766,4668900.0,29.922163009643555
2017-04-28,33.470001220703125,32.790000915527344,33.119998931884766,32.939998626708984,3178100.0,29.759546279907227
2017-05-01,33.119998931884766,32.66999816894531,33.06999969482422,32.689998626708984,2332400.0,29.533679962158203
2017-05-02,32.790000915527344,32.36000061035156,32.720001220703125,32.61000061035156,2217100.0,29.46140480041504
2017-05-03,32.720001220703125,32.349998474121094,32.439998626708984,32.66999816894531,1741000.0,29.515613555908203
2017-05-04,32.95000076293945,32.209999084472656,32.79999923706055,32.40999984741211,2003600.0,29.280719757080078
2017-05-05,32.529998779296875,32.18000030517578,32.470001220703125,32.380001068115234,1475400.0,29.25361442565918
2017-05-08,32.47999954223633,32.220001220703125,32.47999954223633,32.349998474121094,2267500.0,29.22650909423828
2017-05-09,32.66999816894531,32.34000015258789,32.400001525878906,32.560001373291016,2340300.0,29.41623878479004
2017-05-10,32.439998626708984,32.04999923706055,32.2400016784668,32.38999938964844,1856400.0,29.525625228881836
2017-05-11,32.2400016784668,31.770000457763672,32.220001220703125,32.150001525878906,2280800.0,29.306852340698242
2017-05-12,32.13999938964844,31.84000015258789,31.969999313354492,32.119998931884766,1837400.0,29.27950096130371
2017-05-15,32.45000076293945,32.09000015258789,32.22999954223633,32.220001220703125,2719800.0,29.37066078186035
2017-05-16,32.41999816894531,31.920000076293945,32.38999938964844,32.18000030517578,2170900.0,29.334199905395508
2017-05-17,32.18000030517578,30.579999923706055,32.18000030517578,30.65999984741211,3514700.0,27.94861602783203
2017-05-18,31.3799991607666,30.510000228881836,30.690000534057617,31.239999771118164,4234000.0,28.477325439453125
2017-05-19,31.780000686645508,31.219999313354492,31.3799991607666,31.6200008392334,2281600.0,28.823719024658203
2017-05-22,31.989999771118164,31.600000381469727,31.8700008392334,31.850000381469727,1501300.0,29.03338050842285
2017-05-23,31.959999084472656,30.950000762939453,30.950000762939453,31.25,2741600.0,28.486440658569336
2017-05-24,31.309999465942383,30.920000076293945,31.280000686645508,31.18000030517578,2690700.0,28.422630310058594
2017-05-25,32.119998931884766,31.309999465942383,31.510000228881836,31.950000762939453,2435300.0,29.12453842163086
2017-05-26,32.029998779296875,31.639999389648438,31.780000686645508,32.0,1636200.0,29.170114517211914
2017-05-30,31.989999771118164,31.510000228881836,31.989999771118164,31.6200008392334,1534200.0,28.823719024658203
2017-05-31,31.899999618530273,31.15999984741211,31.850000381469727,31.700000762939453,2521000.0,28.89664649963379
2017-06-01,32.95000076293945,31.75,31.8799991607666,32.91999816894531,3170700.0,30.008756637573242
2017-06-02,33.16999816894531,32.56999969482422,32.70000076293945,32.93000030517578,3235400.0,30.017871856689453
2017-06-05,33.400001525878906,32.97999954223633,33.22999954223633,33.34000015258789,3359200.0,30.391611099243164
2017-06-06,33.58000183105469,33.0,33.15999984741211,33.40999984741211,3301500.0,30.455419540405273
2017-06-07,33.54999923706055,33.220001220703125,33.47999954223633,33.40999984741211,2638700.0,30.455419540405273
2017-06-08,34.099998474121094,33.310001373291016,33.40999984741211,33.880001068115234,2711300.0,30.883861541748047
2017-06-09,34.34000015258789,33.91999816894531,34.150001525878906,34.31999969482422,2898600.0,31.28494644165039
2017-06-12,34.70000076293945,34.2599983215332,34.310001373291016,34.45000076293945,2587900.0,31.40345573425293
2017-06-13,34.790000915527344,34.349998474121094,34.56999969482422,34.4900016784668,2151200.0,31.43992042541504
2017-06-14,34.72999954223633,34.13999938964844,34.290000915527344,34.68000030517578,2034800.0,31.61310577392578
2017-06-15,34.689998626708984,34.130001068115234,34.68000030517578,34.58000183105469,2085100.0,31.521955490112305
2017-06-16,34.720001220703125,34.380001068115234,34.54999923706055,34.61000061035156,3181300.0,31.54930877685547
2017-06-19,35.47999954223633,34.709999084472656,34.79999923706055,35.400001525878906,2665400.0,32.269447326660156
2017-06-20,35.38999938964844,35.06999969482422,35.2599983215332,35.06999969482422,1792900.0,31.9686222076416
2017-06-21,35.16999816894531,34.7599983215332,35.150001525878906,34.79999923706055,2266200.0,31.72249412536621
2017-06-22,35.18000030517578,34.709999084472656,34.7400016784668,34.9900016784668,1780300.0,31.895700454711914
2017-06-23,35.13999938964844,34.77000045776367,35.13999938964844,34.970001220703125,3361400.0,31.877466201782227
2017-06-26,35.36000061035156,34.86000061035156,35.16999816894531,35.0099983215332,2934300.0,31.913928985595703
2017-06-27,35.25,34.75,35.2400016784668,34.77000045776367,3341700.0,31.695152282714844
2017-06-28,35.31999969482422,34.7400016784668,35.04999923706055,35.310001373291016,3691500.0,32.187400817871094
2017-06-29,35.90999984741211,34.689998626708984,35.72999954223633,35.0,2729000.0,31.904808044433594
2017-06-30,35.439998626708984,35.060001373291016,35.29999923706055,35.189998626708984,2361500.0,32.078006744384766
2017-07-03,35.970001220703125,35.459999084472656,35.459999084472656,35.5099983215332,1497300.0,32.369712829589844
2017-07-05,35.81999969482422,35.29999923706055,35.560001373291016,35.5,2033900.0,32.360595703125
2017-07-06,35.66999816894531,35.150001525878906,35.33000183105469,35.15999984741211,3101900.0,32.0506591796875
2017-07-07,35.9900016784668,35.279998779296875,35.47999954223633,35.91999816894531,3015500.0,32.74345397949219
2017-07-10,36.630001068115234,35.779998779296875,35.779998779296875,36.470001220703125,2942800.0,33.24481201171875
2017-07-11,36.47999954223633,35.630001068115234,36.47999954223633,35.720001220703125,2846900.0,32.56113815307617
2017-07-12,36.27000045776367,35.720001220703125,35.790000915527344,36.11000061035156,2616200.0,32.916648864746094
2017-07-13,36.099998474121094,35.54999923706055,36.099998474121094,35.900001525878906,3907800.0,32.725223541259766
2017-07-14,36.20000076293945,35.529998779296875,35.68000030517578,36.11000061035156,2049600.0,32.916648864746094
2017-07-17,36.47999954223633,35.81999969482422,36.47999954223633,36.16999816894531,1926100.0,32.971343994140625
2017-07-18,36.18000030517578,35.810001373291016,35.939998626708984,35.939998626708984,2115400.0,32.761688232421875
2017-07-19,36.209999084472656,35.91999816894531,36.11000061035156,36.20000076293945,1493900.0,32.998687744140625
2017-07-20,36.43000030517578,36.099998474121094,36.310001373291016,36.13999938964844,2184500.0,32.944000244140625
2017-07-21,36.2599983215332,35.869998931884766,36.08000183105469,36.04999923706055,1749700.0,32.86195755004883
2017-07-24,36.34000015258789,35.97999954223633,36.04999923706055,36.27000045776367,1971000.0,33.0625
2017-07-25,36.84000015258789,36.439998626708984,36.720001220703125,36.529998779296875,2189300.0,33.29950714111328
2017-07-26,36.75,36.290000915527344,36.599998474121094,36.439998626708984,2800000.0,33.21746063232422
2017-07-27,36.34000015258789,33.86000061035156,36.34000015258789,34.599998474121094,6188200.0,31.540185928344727
2017-07-28,34.72999954223633,34.11000061035156,34.31999969482422,34.36000061035156,4236100.0,31.321413040161133
2017-07-31,35.16999816894531,34.439998626708984,34.54999923706055,34.77000045776367,5075800.0,31.695152282714844
2017-08-01,35.22999954223633,34.72999954223633,34.939998626708984,35.20000076293945,2172200.0,32.087127685546875
2017-08-02,35.220001220703125,34.599998474121094,35.11000061035156,34.630001068115234,4404500.0,31.567533493041992
2017-08-03,35.11000061035156,34.31999969482422,34.59000015258789,34.529998779296875,2532700.0,31.476375579833984
2017-08-04,34.79999923706055,34.41999816894531,34.779998779296875,34.56999969482422,1987400.0,31.51283836364746
2017-08-07,34.79999923706055,34.439998626708984,34.66999816894531,34.7599983215332,1634800.0,31.68603515625
2017-08-08,35.11000061035156,34.529998779296875,34.63999938964844,34.61000061035156,2101900.0,31.54930877685547
2017-08-09,34.58000183105469,34.16999816894531,34.380001068115234,34.56999969482422,1902700.0,31.51283836364746
2017-08-10,34.41999816894531,33.52000045776367,34.290000915527344,33.540000915527344,2480100.0,30.57392692565918
2017-08-11,34.099998474121094,33.36000061035156,33.529998779296875,33.9900016784668,2768200.0,30.984128952026367
2017-08-14,34.290000915527344,33.939998626708984,34.290000915527344,34.0,1795100.0,30.99324607849121
2017-08-15,33.9900016784668,33.650001525878906,33.900001525878906,33.81999969482422,1723100.0,31.09438705444336
2017-08-16,34.150001525878906,33.61000061035156,34.02000045776367,33.65999984741211,2014200.0,30.947280883789062
2017-08-17,33.599998474121094,32.7599983215332,33.5,32.77000045776367,2517500.0,30.129005432128906
2017-08-18,33.189998626708984,32.56999969482422,32.66999816894531,32.86000061035156,2974900.0,30.21175193786621
2017-08-21,32.93000030517578,32.59000015258789,32.810001373291016,32.880001068115234,1435300.0,30.230144500732422
2017-08-22,33.27000045776367,32.709999084472656,32.939998626708984,33.25,1773300.0,30.570322036743164
2017-08-23,33.2599983215332,32.849998474121094,32.97999954223633,32.869998931884766,1898600.0,30.220943450927734
2017-08-24,32.95000076293945,32.38999938964844,32.95000076293945,32.58000183105469,2279400.0,29.954317092895508
2017-08-25,33.0,32.59000015258789,32.779998779296875,32.77000045776367,2035200.0,30.129005432128906
2017-08-28,32.970001220703125,32.31999969482422,32.93000030517578,32.45000076293945,1798400.0,29.834794998168945
2017-08-29,32.36000061035156,31.850000381469727,32.08000183105469,32.22999954223633,2824900.0,29.632522583007812
2017-08-30,32.540000915527344,32.099998474121094,32.22999954223633,32.439998626708984,2307300.0,29.825597763061523
2017-08-31,32.86000061035156,32.41999816894531,32.650001525878906,32.779998779296875,1991600.0,30.138195037841797
2017-09-01,33.29999923706055,32.880001068115234,32.95000076293945,33.119998931884766,1832700.0,30.45079803466797
2017-09-05,32.939998626708984,32.13999938964844,32.93000030517578,32.2599983215332,2743100.0,29.66010093688965
2017-09-06,32.59000015258789,32.0099983215332,32.47999954223633,32.04999923706055,2411800.0,29.467029571533203
2017-09-07,32.150001525878906,31.600000381469727,32.08000183105469,31.75,1945100.0,29.191205978393555
2017-09-08,31.8799991607666,31.579999923706055,31.670000076293945,31.690000534057617,2158200.0,29.136043548583984
2017-09-11,32.560001373291016,32.029998779296875,32.099998474121094,32.099998474121094,1953700.0,29.512996673583984
2017-09-12,32.619998931884766,32.290000915527344,32.41999816894531,32.5099983215332,1755200.0,29.889955520629883
2017-09-13,32.7400016784668,32.369998931884766,32.47999954223633,32.72999954223633,1995100.0,30.09222412109375
2017-09-14,33.0099983215332,32.54999923706055,32.63999938964844,32.790000915527344,2331100.0,30.147388458251953
2017-09-15,33.09000015258789,32.59000015258789,32.77000045776367,33.08000183105469,3894900.0,30.41402244567871
2017-09-18,33.599998474121094,33.119998931884766,33.119998931884766,33.439998626708984,2836000.0,30.745006561279297
2017-09-19,33.630001068115234,33.25,33.439998626708984,33.5099983215332,2551700.0,30.809364318847656
2017-09-20,33.599998474121094,33.2599983215332,33.54999923706055,33.45000076293945,2140900.0,30.75420570373535
2017-09-21,33.650001525878906,33.18000030517578,33.47999954223633,33.560001373291016,1556500.0,30.855337142944336
2017-09-22,34.2400016784668,33.349998474121094,33.4900016784668,34.20000076293945,2657600.0,31.443756103515625
2017-09-25,34.41999816894531,33.91999816894531,34.11000061035156,34.22999954223633,1485300.0,31.47134017944336
2017-09-26,34.400001525878906,34.06999969482422,34.290000915527344,34.09000015258789,1161100.0,31.342620849609375
2017-09-27,34.58000183105469,34.099998474121094,34.470001220703125,34.400001525878906,1735500.0,31.627634048461914
2017-09-28,34.290000915527344,33.650001525878906,34.0,34.279998779296875,2716400.0,31.517309188842773
2017-09-29,35.439998626708984,34.459999084472656,34.459999084472656,35.040000915527344,3333900.0,32.216060638427734
2017-10-02,35.54999923706055,34.630001068115234,35.0099983215332,35.529998779296875,3008900.0,32.666568756103516
2017-10-03,35.83000183105469,35.349998474121094,35.5099983215332,35.7599983215332,2235100.0,32.87803649902344
2017-10-04,35.90999984741211,35.45000076293945,35.66999816894531,35.59000015258789,1915600.0,32.721736907958984
2017-10-05,36.16999816894531,35.58000183105469,35.61000061035156,35.79999923706055,2686800.0,32.91481018066406
2017-10-06,35.88999938964844,35.599998474121094,35.88999938964844,35.77000045776367,2369500.0,32.88722610473633
2017-10-09,35.91999816894531,35.66999816894531,35.900001525878906,35.72999954223633,1745000.0,32.8504524230957
2017-10-10,36.209999084472656,35.79999923706055,35.880001068115234,36.08000183105469,3105600.0,33.172245025634766
2017-10-11,36.560001373291016,36.11000061035156,36.11000061035156,36.290000915527344,2658500.0,33.36532211303711
2017-10-12,36.689998626708984,36.189998626708984,36.279998779296875,36.290000915527344,4511400.0,33.36532211303711
2017-10-13,36.54999923706055,36.119998931884766,36.27000045776367,36.150001525878906,3281500.0,33.23659896850586
2017-10-16,36.38999938964844,36.09000015258789,36.2400016784668,36.31999969482422,2255500.0,33.39290237426758
2017-10-17,36.34000015258789,36.029998779296875,36.34000015258789,36.189998626708984,1979400.0,33.273372650146484
2017-10-18,36.83000183105469,36.27000045776367,36.34000015258789,36.790000915527344,2773100.0,33.82502746582031
2017-10-19,36.880001068115234,36.47999954223633,36.5,36.880001068115234,2214500.0,33.907772064208984
2017-10-20,37.41999816894531,37.130001068115234,37.33000183105469,37.34000015258789,3484900.0,34.33069610595703
2017-10-23,37.5099983215332,37.16999816894531,37.31999969482422,37.2599983215332,2169300.0,34.257144927978516
2017-10-24,37.59000015258789,37.279998779296875,37.5,37.40999984741211,1988700.0,34.395057678222656
2017-10-25,37.400001525878906,36.369998931884766,37.400001525878906,36.84000015258789,3314100.0,33.87099838256836
2017-10-26,37.75,36.41999816894531,37.70000076293945,37.150001525878906,2334000.0,34.15601348876953
2017-10-27,37.380001068115234,36.75,37.20000076293945,36.88999938964844,1788300.0,33.91696548461914
2017-10-30,36.779998779296875,35.939998626708984,36.630001068115234,36.040000915527344,2693900.0,33.135467529296875
2017-10-31,36.16999816894531,35.72999954223633,36.040000915527344,35.790000915527344,2737700.0,32.90562057495117
2017-11-01,36.25,35.7400016784668,36.04999923706055,35.7599983215332,1734600.0,32.87803649902344
2017-11-02,36.310001373291016,35.709999084472656,35.810001373291016,36.15999984741211,3305200.0,33.24579620361328
2017-11-03,36.189998626708984,35.72999954223633,36.15999984741211,36.04999923706055,2448800.0,33.14466094970703
2017-11-06,36.119998931884766,35.79999923706055,35.9900016784668,35.869998931884766,1496600.0,32.979164123535156
2017-11-07,36.09000015258789,35.380001068115234,35.93000030517578,35.61000061035156,1631000.0,32.7401237487793
2017-11-08,35.720001220703125,35.40999984741211,35.59000015258789,35.689998626708984,2081500.0,32.81367492675781
2017-11-09,35.56999969482422,35.189998626708984,35.41999816894531,35.5,1865400.0,32.638980865478516
2017-11-10,35.540000915527344,35.029998779296875,35.459999084472656,35.150001525878906,1598200.0,32.317195892333984
2017-11-13,34.68000030517578,34.349998474121094,34.630001068115234,34.52000045776367,1896400.0,32.00199508666992
2017-11-14,34.529998779296875,34.2599983215332,34.290000915527344,34.470001220703125,2247800.0,31.955644607543945
2017-11-15,34.79999923706055,33.95000076293945,34.209999084472656,34.47999954223633,4631800.0,31.96491241455078
2017-11-16,34.869998931884766,34.5,34.709999084472656,34.56999969482422,2280100.0,32.04834747314453
2017-11-17,35.06999969482422,34.369998931884766,34.43000030517578,34.97999954223633,2899300.0,32.42844009399414
2017-11-20,35.810001373291016,35.0099983215332,35.04999923706055,35.459999084472656,2941100.0,32.87342834472656
2017-11-21,35.880001068115234,35.439998626708984,35.630001068115234,35.630001068115234,2075400.0,33.03103256225586
2017-11-22,35.849998474121094,35.15999984741211,35.66999816894531,35.22999954223633,1426800.0,32.66020584106445
2017-11-24,35.400001525878906,35.04999923706055,35.349998474121094,35.09000015258789,687900.0,32.53041458129883
2017-11-27,35.31999969482422,35.0,35.13999938964844,35.20000076293945,2960700.0,32.63239288330078
2017-11-28,36.209999084472656,35.20000076293945,35.369998931884766,36.0,3294000.0,33.3740348815918
2017-11-29,36.47999954223633,35.66999816894531,36.22999954223633,36.099998474121094,3489200.0,33.46674728393555
2017-11-30,36.68000030517578,36.040000915527344,36.349998474121094,36.16999816894531,2611100.0,33.531639099121094
2017-12-01,36.41999816894531,35.09000015258789,36.279998779296875,36.209999084472656,3226400.0,33.56871795654297
2017-12-04,37.119998931884766,36.66999816894531,36.880001068115234,36.880001068115234,2979400.0,34.18985366821289
2017-12-05,36.95000076293945,36.529998779296875,36.720001220703125,36.630001068115234,1550300.0,33.95808410644531
2017-12-06,37.349998474121094,36.540000915527344,36.599998474121094,37.09000015258789,2394200.0,34.3845329284668
2017-12-07,37.81999969482422,36.81999969482422,36.970001220703125,37.34000015258789,2101600.0,34.616294860839844
2017-12-08,37.77000045776367,37.279998779296875,37.459999084472656,37.66999816894531,1489300.0,34.92222213745117
2017-12-11,37.849998474121094,37.220001220703125,37.380001068115234,37.38999938964844,2494300.0,34.66264724731445
2017-12-12,37.400001525878906,36.810001373291016,37.16999816894531,37.16999816894531,2837600.0,34.45869445800781
2017-12-13,37.720001220703125,36.91999816894531,37.2400016784668,36.959999084472656,3618100.0,34.264015197753906
2017-12-14,37.150001525878906,36.290000915527344,37.150001525878906,36.290000915527344,2817700.0,33.642887115478516
2017-12-15,36.849998474121094,36.40999984741211,36.54999923706055,36.560001373291016,5006100.0,33.89319610595703
2017-12-18,37.09000015258789,36.66999816894531,36.9900016784668,36.810001373291016,2315800.0,34.12495422363281
2017-12-19,37.09000015258789,36.599998474121094,37.060001373291016,36.61000061035156,2469400.0,33.939544677734375
2017-12-20,37.04999923706055,36.40999984741211,36.959999084472656,36.52000045776367,1785700.0,33.85611343383789
2017-12-21,36.790000915527344,36.459999084472656,36.75,36.61000061035156,2611200.0,33.939544677734375
2017-12-22,36.790000915527344,36.5099983215332,36.7599983215332,36.63999938964844,1304600.0,33.96735763549805
2017-12-26,36.790000915527344,36.41999816894531,36.65999984741211,36.599998474121094,637900.0,33.93027114868164
2017-12-27,36.68000030517578,36.400001525878906,36.68000030517578,36.540000915527344,1052400.0,33.87465286254883
2017-12-28,36.79999923706055,36.47999954223633,36.650001525878906,36.77000045776367,1388100.0,34.08787536621094
2017-12-29,36.88999938964844,36.540000915527344,36.88999938964844,36.540000915527344,1493800.0,33.87465286254883
2018-01-02,36.86000061035156,36.18000030517578,36.84000015258789,36.349998474121094,2816000.0,33.69850540161133
2018-01-03,36.58000183105469,35.88999938964844,36.0,36.529998779296875,2876700.0,33.86537551879883
2018-01-04,37.119998931884766,36.63999938964844,36.66999816894531,36.83000183105469,2388500.0,34.14349365234375
2018-01-05,37.33000183105469,36.810001373291016,36.9900016784668,37.279998779296875,3220800.0,34.560672760009766
2018-01-08,37.09000015258789,36.560001373291016,36.56999969482422,36.84000015258789,3534000.0,34.152767181396484
2018-01-09,37.47999954223633,36.970001220703125,36.970001220703125,37.20000076293945,2840300.0,34.48650360107422
2018-01-10,37.65999984741211,36.68000030517578,37.310001373291016,36.81999969482422,3929500.0,34.13422393798828
2018-01-11,37.33000183105469,36.599998474121094,36.91999816894531,37.29999923706055,2974200.0,34.5792121887207
2018-01-12,37.880001068115234,37.40999984741211,37.59000015258789,37.86000061035156,2511800.0,35.098365783691406
2018-01-16,38.41999816894531,37.09000015258789,38.130001068115234,37.20000076293945,3843900.0,34.48650360107422
2018-01-17,38.290000915527344,37.310001373291016,37.400001525878906,38.08000183105469,3170600.0,35.30231857299805
2018-01-18,38.209999084472656,37.790000915527344,38.08000183105469,37.86000061035156,2315700.0,35.098365783691406
2018-01-19,38.25,37.91999816894531,37.97999954223633,38.130001068115234,2457600.0,35.348670959472656
2018-01-22,38.060001373291016,37.33000183105469,37.959999084472656,37.869998931884766,3176400.0,35.10763931274414
2018-01-23,38.0099983215332,37.439998626708984,37.779998779296875,37.61000061035156,3223400.0,34.86660385131836
2018-01-24,38.20000076293945,37.4900016784668,37.880001068115234,37.61000061035156,2777000.0,34.86660385131836
2018-01-25,37.709999084472656,37.2400016784668,37.689998626708984,37.59000015258789,2042600.0,34.848060607910156
2018-01-26,38.43000030517578,37.45000076293945,37.70000076293945,38.400001525878906,3309700.0,35.598976135253906
2018-01-29,38.43000030517578,37.470001220703125,38.2599983215332,37.47999954223633,3093100.0,34.74608612060547
2018-01-30,37.400001525878906,36.68000030517578,37.119998931884766,36.68000030517578,3941100.0,34.00443649291992
2018-01-31,36.65999984741211,35.40999984741211,36.25,36.130001068115234,4910100.0,33.49455642700195
2018-02-01,36.63999938964844,35.849998474121094,36.25,36.029998779296875,3966600.0,33.401851654052734
2018-02-02,35.70000076293945,34.81999969482422,35.650001525878906,35.15999984741211,5003900.0,32.595314025878906
2018-02-05,35.150001525878906,33.02000045776367,34.529998779296875,33.16999816894531,6240100.0,30.750465393066406
2018-02-06,33.86000061035156,32.08000183105469,32.38999938964844,33.61000061035156,6416600.0,31.158376693725586
2018-02-07,34.36000061035156,33.43000030517578,33.540000915527344,33.459999084472656,4162800.0,31.01931381225586
2018-02-08,33.529998779296875,31.920000076293945,33.45000076293945,31.920000076293945,4151800.0,29.591650009155273
2018-02-09,32.72999954223633,31.239999771118164,32.400001525878906,32.439998626708984,5322900.0,30.07371711730957
2018-02-12,32.95000076293945,32.150001525878906,32.720001220703125,32.52000045776367,2720700.0,30.147884368896484
2018-02-13,33.0099983215332,32.310001373291016,32.4900016784668,32.5099983215332,3181800.0,30.138608932495117
2018-02-14,33.189998626708984,31.920000076293945,32.060001373291016,33.16999816894531,3936100.0,31.027240753173828
2018-02-15,33.810001373291016,32.86000061035156,33.400001525878906,33.189998626708984,3748900.0,31.045948028564453
2018-02-16,34.04999923706055,33.02000045776367,33.119998931884766,33.91999816894531,4997100.0,31.728792190551758
2018-02-20,34.029998779296875,33.04999923706055,33.709999084472656,33.209999084472656,4285200.0,31.064655303955078
2018-02-21,33.95000076293945,33.20000076293945,33.34000015258789,33.220001220703125,3832900.0,31.074012756347656
2018-02-22,33.599998474121094,32.849998474121094,33.36000061035156,32.939998626708984,3783100.0,30.812095642089844
2018-02-23,33.20000076293945,32.79999923706055,33.060001373291016,33.189998626708984,2246800.0,31.045948028564453
2018-02-26,33.880001068115234,33.13999938964844,33.43000030517578,33.84000015258789,2637900.0,31.653959274291992
2018-02-27,34.0,33.0099983215332,33.75,33.02000045776367,3297600.0,30.88692855834961
2018-02-28,33.52000045776367,32.52000045776367,33.25,32.540000915527344,4106800.0,30.437942504882812
2018-03-01,32.7400016784668,31.56999969482422,32.54999923706055,31.809999465942383,4218400.0,29.755096435546875
2018-03-02,32.279998779296875,31.440000534057617,31.639999389648438,32.209999084472656,3727500.0,30.129255294799805
2018-03-05,32.900001525878906,31.799999237060547,32.11000061035156,32.66999816894531,3225600.0,30.559539794921875
2018-03-06,33.22999954223633,32.56999969482422,32.93000030517578,33.119998931884766,3012600.0,30.98046875
2018-03-07,33.380001068115234,32.70000076293945,32.7400016784668,33.34000015258789,4082300.0,31.186256408691406
2018-03-08,33.959999084472656,33.20000076293945,33.369998931884766,33.900001525878906,5810700.0,31.710084915161133
2018-03-09,34.56999969482422,33.79999923706055,34.2400016784668,34.52000045776367,3618000.0,32.29003143310547
2018-03-12,35.029998779296875,34.470001220703125,34.61000061035156,34.52000045776367,4189600.0,32.29003143310547
2018-03-13,34.88999938964844,33.970001220703125,34.63999938964844,34.11000061035156,2849300.0,31.90652084350586
2018-03-14,34.22999954223633,33.209999084472656,34.22999954223633,33.27000045776367,4183700.0,31.12078094482422
2018-03-15,33.369998931884766,32.599998474121094,33.349998474121094,32.91999816894531,5818800.0,30.793392181396484
2018-03-16,33.470001220703125,33.040000915527344,33.04999923706055,33.20000076293945,11491300.0,31.0553035736084
2018-03-19,33.20000076293945,32.290000915527344,33.11000061035156,32.63999938964844,3416600.0,30.531482696533203
2018-03-20,32.849998474121094,32.41999816894531,32.790000915527344,32.529998779296875,2920500.0,30.428585052490234
2018-03-21,33.54999923706055,32.540000915527344,32.58000183105469,32.939998626708984,3776700.0,30.812095642089844
2018-03-22,32.619998931884766,31.360000610351562,32.45000076293945,31.450000762939453,4006700.0,29.418352127075195
2018-03-23,31.709999084472656,30.65999984741211,31.530000686645508,30.719999313354492,2958700.0,28.735509872436523
2018-03-26,32.18000030517578,31.059999465942383,31.399999618530273,32.130001068115234,4005200.0,30.47102165222168
2018-03-27,32.2400016784668,31.059999465942383,32.16999816894531,31.360000610351562,4766500.0,29.740779876708984
2018-03-28,31.709999084472656,31.1200008392334,31.5,31.479999542236328,5263800.0,29.854581832885742
2018-03-29,32.2599983215332,31.489999771118164,31.700000762939453,32.0099983215332,2217900.0,30.357215881347656
2018-04-02,31.809999465942383,30.190000534057617,31.809999465942383,30.84000015258789,4322200.0,29.247629165649414
2018-04-03,31.450000762939453,30.799999237060547,31.079999923706055,31.309999465942383,3653500.0,29.693359375
2018-04-04,31.809999465942383,30.510000228881836,30.739999771118164,31.719999313354492,3176300.0,30.082189559936523
2018-04-05,32.0099983215332,31.479999542236328,31.899999618530273,31.780000686645508,2438600.0,30.13909339904785
2018-04-06,31.510000228881836,30.3799991607666,31.280000686645508,30.700000762939453,3526600.0,29.114858627319336
2018-04-09,31.450000762939453,30.600000381469727,30.920000076293945,30.649999618530273,2481600.0,29.06743812561035
2018-04-10,31.489999771118164,31.010000228881836,31.170000076293945,31.270000457763672,2733000.0,29.655427932739258
2018-04-11,31.079999923706055,30.489999771118164,30.829999923706055,30.600000381469727,3271400.0,29.02001953125
2018-04-12,31.139999389648438,30.690000534057617,30.8700008392334,30.81999969482422,2600000.0,29.228660583496094
2018-04-13,31.059999465942383,30.389999389648438,30.989999771118164,30.530000686645508,2325700.0,28.953636169433594
2018-04-16,31.1200008392334,30.649999618530273,30.780000686645508,30.850000381469727,2328000.0,29.257112503051758
2018-04-17,31.40999984741211,30.950000762939453,31.15999984741211,31.1299991607666,2335200.0,29.522653579711914
2018-04-18,31.530000686645508,31.09000015258789,31.200000762939453,31.110000610351562,2989600.0,29.503686904907227
2018-04-19,31.40999984741211,30.90999984741211,31.149999618530273,31.219999313354492,1977900.0,29.608007431030273
2018-04-20,31.469999313354492,30.719999313354492,31.299999237060547,31.059999465942383,3115500.0,29.456266403198242
2018-04-23,31.469999313354492,30.860000610351562,31.079999923706055,31.0,2895000.0,29.399368286132812
2018-04-24,31.280000686645508,30.450000762939453,31.18000030517578,30.649999618530273,2691800.0,29.06743812561035
2018-04-25,31.010000228881836,30.479999542236328,30.520000457763672,30.739999771118164,3808700.0,29.152790069580078
2018-04-26,30.43000030517578,29.190000534057617,30.399999618530273,29.850000381469727,5975400.0,28.30874252319336
2018-04-27,29.780000686645508,29.270000457763672,29.639999389648438,29.59000015258789,3729700.0,28.062170028686523
2018-04-30,29.84000015258789,28.93000030517578,29.670000076293945,28.969999313354492,4081200.0,27.474180221557617
2018-05-01,29.020000457763672,28.040000915527344,28.84000015258789,28.440000534057617,4786100.0,26.971548080444336
2018-05-02,28.479999542236328,28.079999923706055,28.440000534057617,28.139999389648438,2861400.0,26.687036514282227
2018-05-03,28.049999237060547,27.350000381469727,28.0,27.959999084472656,3384700.0,26.516328811645508
2018-05-04,28.729999542236328,27.700000762939453,27.770000457763672,28.389999389648438,2704100.0,26.924129486083984
2018-05-07,28.59000015258789,28.1200008392334,28.479999542236328,28.469999313354492,3380400.0,26.999998092651367
2018-05-08,28.440000534057617,27.84000015258789,28.3700008392334,28.139999389648438,3746900.0,26.687036514282227
2018-05-09,28.3700008392334,27.6299991607666,28.31999969482422,27.979999542236328,9792900.0,26.53529930114746
2018-05-10,28.420000076293945,27.790000915527344,27.809999465942383,28.139999389648438,3847000.0,26.976274490356445
2018-05-11,28.34000015258789,27.950000762939453,28.229999542236328,28.200000762939453,2690200.0,27.033794403076172
2018-05-14,28.68000030517578,28.18000030517578,28.260000228881836,28.549999237060547,3509700.0,27.369319915771484
2018-05-15,28.530000686645508,28.299999237060547,28.329999923706055,28.40999984741211,2391700.0,27.235109329223633
2018-05-16,28.799999237060547,28.329999923706055,28.350000381469727,28.510000228881836,2063100.0,27.330974578857422
2018-05-17,28.850000381469727,28.3799991607666,28.5,28.649999618530273,2074200.0,27.465185165405273
2018-05-18,28.719999313354492,28.440000534057617,28.649999618530273,28.6299991607666,2791700.0,27.446012496948242
2018-05-21,28.90999984741211,28.549999237060547,28.8799991607666,28.610000610351562,2025800.0,27.42683982849121
2018-05-22,28.979999542236328,28.639999389648438,28.709999084472656,28.799999237060547,2514400.0,27.608980178833008
2018-05-23,28.68000030517578,28.219999313354492,28.600000381469727,28.43000030517578,2012200.0,27.254281997680664
2018-05-24,28.399999618530273,27.639999389648438,28.270000457763672,28.290000915527344,2870800.0,27.120073318481445
2018-05-25,28.440000534057617,28.079999923706055,28.1299991607666,28.25,1603500.0,27.08172607421875
2018-05-29,27.93000030517578,26.93000030517578,27.829999923706055,27.079999923706055,3365000.0,25.960111618041992
2018-05-30,27.600000381469727,27.200000762939453,27.389999389648438,27.479999542236328,2469300.0,26.343570709228516
2018-05-31,27.540000915527344,27.149999618530273,27.450000762939453,27.31999969482422,3750800.0,26.190185546875
2018-06-01,27.920000076293945,27.59000015258789,27.700000762939453,27.719999313354492,2579900.0,26.57364273071289
2018-06-04,27.84000015258789,27.459999084472656,27.799999237060547,27.5,2872700.0,26.362743377685547
2018-06-05,27.690000534057617,27.260000228881836,27.549999237060547,27.459999084472656,4508800.0,26.32439613342285
2018-06-06,27.889999389648438,27.56999969482422,27.700000762939453,27.829999923706055,3867800.0,26.679096221923828
2018-06-07,28.229999542236328,27.59000015258789,27.989999771118164,27.760000228881836,2466400.0,26.61199188232422
2018-06-08,27.950000762939453,27.489999771118164,27.690000534057617,27.93000030517578,2501400.0,26.774961471557617
2018-06-11,28.299999237060547,27.8799991607666,28.0,27.93000030517578,2370900.0,26.774961471557617
2018-06-12,28.530000686645508,27.780000686645508,28.049999237060547,27.959999084472656,3617100.0,26.80371856689453
2018-06-13,28.09000015258789,27.229999542236328,27.959999084472656,27.260000228881836,3325900.0,26.132667541503906
2018-06-14,27.469999313354492,27.15999984741211,27.389999389648438,27.209999084472656,2521800.0,26.084733963012695
2018-06-15,27.600000381469727,26.959999084472656,27.079999923706055,27.510000228881836,5707000.0,26.372329711914062
2018-06-18,27.219999313354492,26.3700008392334,27.149999618530273,26.81999969482422,10249000.0,25.710865020751953
2018-06-19,27.1299991607666,26.5,26.540000915527344,26.979999542236328,6711200.0,25.864246368408203
2018-06-20,27.389999389648438,26.84000015258789,27.219999313354492,27.139999389648438,5069800.0,26.01763153076172
2018-06-21,27.229999542236328,26.850000381469727,27.1299991607666,27.030000686645508,2752800.0,25.91217803955078
2018-06-22,27.739999771118164,27.139999389648438,27.299999237060547,27.6299991607666,6245700.0,26.48736572265625
2018-06-25,27.540000915527344,26.8700008392334,27.270000457763672,27.389999389648438,5548700.0,26.257291793823242
2018-06-26,27.43000030517578,27.010000228881836,27.309999465942383,27.149999618530273,3765200.0,26.0272159576416
2018-06-27,27.280000686645508,26.510000228881836,27.1299991607666,26.510000228881836,2839400.0,25.413684844970703
2018-06-28,26.610000610351562,26.15999984741211,26.469999313354492,26.59000015258789,3704800.0,25.49037742614746
2018-06-29,27.079999923706055,26.549999237060547,26.790000915527344,26.559999465942383,4359000.0,25.46161460876465
2018-07-02,26.829999923706055,26.239999771118164,26.350000381469727,26.790000915527344,4330100.0,25.682104110717773
2018-07-03,26.989999771118164,26.399999618530273,26.8799991607666,26.450000762939453,1768000.0,25.35616683959961
2018-07-05,26.75,26.219999313354492,26.65999984741211,26.540000915527344,2957000.0,25.44244384765625
2018-07-06,26.690000534057617,26.329999923706055,26.469999313354492,26.440000534057617,2466600.0,25.346580505371094
2018-07-09,27.149999618530273,26.350000381469727,26.579999923706055,27.040000915527344,3627900.0,25.92176628112793
2018-07-10,27.260000228881836,26.860000610351562,27.059999465942383,27.229999542236328,3090900.0,26.10390853881836
2018-07-11,27.170000076293945,26.6200008392334,27.06999969482422,26.639999389648438,2558600.0,25.538307189941406
2018-07-12,26.729999542236328,25.979999542236328,26.729999542236328,26.040000915527344,4431000.0,24.963123321533203
2018-07-13,25.899999618530273,25.520000457763672,25.760000228881836,25.6200008392334,4451100.0,24.56049156188965
2018-07-16,25.649999618530273,25.34000015258789,25.6200008392334,25.5,3999900.0,24.445449829101562
2018-07-17,25.670000076293945,25.350000381469727,25.469999313354492,25.459999084472656,3424400.0,24.407106399536133
2018-07-18,26.15999984741211,25.530000686645508,25.579999923706055,26.1299991607666,2671800.0,25.04939842224121
2018-07-19,26.09000015258789,25.520000457763672,26.020000457763672,25.690000534057617,4307200.0,24.627593994140625
2018-07-20,25.65999984741211,25.3700008392334,25.600000381469727,25.459999084472656,2473100.0,24.407106399536133
2018-07-23,26.1200008392334,25.450000762939453,25.5,26.020000457763672,4442400.0,24.94394874572754
2018-07-24,26.489999771118164,26.010000228881836,26.170000076293945,26.229999542236328,3442700.0,25.145263671875
2018-07-25,26.420000076293945,26.020000457763672,26.25,26.360000610351562,3315700.0,25.269887924194336
2018-07-26,26.010000228881836,25.190000534057617,25.989999771118164,25.719999313354492,5935100.0,24.656354904174805
2018-07-27,26.329999923706055,25.649999618530273,25.760000228881836,25.969999313354492,4911200.0,24.896015167236328
2018-07-30,27.479999542236328,26.010000228881836,26.010000228881836,27.360000610351562,8326500.0,26.228532791137695
2018-07-31,27.59000015258789,26.93000030517578,27.5,26.989999771118164,7846800.0,25.87383460998535
2018-08-01,27.139999389648438,25.610000610351562,27.1200008392334,25.81999969482422,6072500.0,24.75221824645996
2018-08-02,25.649999618530273,24.760000228881836,25.610000610351562,24.959999084472656,5485300.0,23.92778205871582
2018-08-03,25.450000762939453,24.959999084472656,25.040000915527344,25.149999618530273,3184100.0,24.109926223754883
2018-08-06,25.3700008392334,24.8700008392334,25.219999313354492,25.309999465942383,2648100.0,24.263309478759766
2018-08-07,25.780000686645508,25.31999969482422,25.3799991607666,25.440000534057617,3937900.0,24.387935638427734
2018-08-08,25.610000610351562,25.079999923706055,25.3799991607666,25.600000381469727,3787800.0,24.541316986083984
2018-08-09,25.81999969482422,25.399999618530273,25.549999237060547,25.489999771118164,5759100.0,24.435867309570312
2018-08-10,25.190000534057617,24.309999465942383,25.190000534057617,24.700000762939453,5287300.0,23.678537368774414
2018-08-13,24.889999389648438,24.520000457763672,24.670000076293945,24.790000915527344,3600100.0,23.764816284179688
2018-08-14,25.079999923706055,24.75,24.920000076293945,24.989999771118164,3541500.0,23.956541061401367
2018-08-15,24.530000686645508,24.1299991607666,24.399999618530273,24.200000762939453,3890400.0,23.48110008239746
2018-08-16,24.780000686645508,24.31999969482422,24.34000015258789,24.59000015258789,3479900.0,23.859514236450195
2018-08-17,24.780000686645508,24.3799991607666,24.440000534057617,24.479999542236328,4744500.0,23.75278091430664
2018-08-20,24.81999969482422,24.450000762939453,24.579999923706055,24.600000381469727,4400800.0,23.869216918945312
2018-08-21,24.989999771118164,24.56999969482422,24.56999969482422,24.790000915527344,4853000.0,24.053573608398438
2018-08-22,24.81999969482422,24.59000015258789,24.809999465942383,24.6299991607666,4120500.0,23.898324966430664
2018-08-23,24.729999542236328,24.219999313354492,24.56999969482422,24.290000915527344,2712900.0,23.56842613220215
2018-08-24,24.40999984741211,24.1200008392334,24.40999984741211,24.139999389648438,2389900.0,23.422882080078125
2018-08-27,24.959999084472656,24.280000686645508,24.280000686645508,24.739999771118164,3230700.0,24.00505828857422
2018-08-28,24.90999984741211,24.59000015258789,24.799999237060547,24.709999084472656,2871100.0,23.9759464263916
2018-08-29,24.809999465942383,24.309999465942383,24.639999389648438,24.700000762939453,2979000.0,23.96624755859375
2018-08-30,24.649999618530273,24.229999542236328,24.610000610351562,24.260000228881836,2608600.0,23.539316177368164
2018-08-31,24.270000457763672,23.889999389648438,24.200000762939453,24.100000381469727,3794700.0,23.384071350097656
2018-09-04,24.06999969482422,23.739999771118164,24.06999969482422,23.979999542236328,3724900.0,23.26763343811035
2018-09-05,24.719999313354492,23.93000030517578,24.0,24.600000381469727,4552100.0,23.869216918945312
2018-09-06,24.610000610351562,24.110000610351562,24.56999969482422,24.219999313354492,4567600.0,23.500505447387695
2018-09-07,24.31999969482422,23.780000686645508,24.18000030517578,24.049999237060547,3000700.0,23.335556030273438
2018-09-10,24.549999237060547,24.18000030517578,24.200000762939453,24.350000381469727,2787900.0,23.626644134521484
2018-09-11,24.270000457763672,23.790000915527344,24.1200008392334,23.989999771118164,2951100.0,23.2773380279541
2018-09-12,24.149999618530273,23.850000381469727,23.969999313354492,24.049999237060547,2659800.0,23.335556030273438
2018-09-13,24.25,23.25,24.219999313354492,23.360000610351562,7026600.0,22.666053771972656
2018-09-14,23.84000015258789,23.479999542236328,23.479999542236328,23.75,5580000.0,23.04446792602539
2018-09-17,24.219999313354492,23.639999389648438,23.899999618530273,23.709999084472656,3561700.0,23.00565528869629
2018-09-18,23.829999923706055,23.549999237060547,23.760000228881836,23.68000030517578,3569500.0,22.976547241210938
2018-09-19,24.459999084472656,23.809999465942383,23.850000381469727,24.290000915527344,3151200.0,23.56842613220215
2018-09-20,24.8799991607666,24.200000762939453,24.469999313354492,24.40999984741211,3475400.0,23.684860229492188
2018-09-21,24.59000015258789,24.09000015258789,24.440000534057617,24.309999465942383,10847700.0,23.587831497192383
2018-09-24,24.479999542236328,23.530000686645508,24.25,23.690000534057617,5477000.0,22.986249923706055
2018-09-25,23.860000610351562,22.860000610351562,23.809999465942383,22.969999313354492,6047900.0,22.28763771057129
2018-09-26,23.350000381469727,22.860000610351562,22.940000534057617,22.979999542236328,3876500.0,22.29734230041504
2018-09-27,23.329999923706055,22.81999969482422,23.25,23.059999465942383,4647500.0,22.374963760375977
2018-09-28,23.040000915527344,22.690000534057617,22.8799991607666,22.8799991607666,4110200.0,22.2003116607666
2018-10-01,23.110000610351562,22.770000457763672,22.8700008392334,23.010000228881836,3098100.0,22.32645034790039
2018-10-02,23.350000381469727,22.780000686645508,23.059999465942383,22.979999542236328,3910500.0,22.29734230041504
2018-10-03,23.31999969482422,22.850000381469727,23.100000381469727,23.059999465942383,3829800.0,22.374963760375977
2018-10-04,23.399999618530273,22.989999771118164,23.010000228881836,23.219999313354492,2765500.0,22.53021240234375
2018-10-05,23.549999237060547,23.170000076293945,23.18000030517578,23.239999771118164,5397600.0,22.549617767333984
2018-10-08,23.079999923706055,22.31999969482422,22.969999313354492,22.40999984741211,9499700.0,21.744274139404297
2018-10-09,22.459999084472656,21.65999984741211,22.299999237060547,21.799999237060547,6782400.0,21.152393341064453
2018-10-10,21.889999389648438,21.1299991607666,21.719999313354492,21.139999389648438,6609200.0,20.512001037597656
2018-10-11,21.329999923706055,20.020000457763672,21.0,20.06999969482422,11478100.0,19.473787307739258
2018-10-12,20.559999465942383,19.65999984741211,20.450000762939453,19.940000534057617,10082800.0,19.34764862060547
2018-10-15,20.6299991607666,19.719999313354492,19.920000076293945,20.420000076293945,4905900.0,19.813390731811523
2018-10-16,20.610000610351562,20.190000534057617,20.549999237060547,20.540000915527344,8092400.0,19.929824829101562
2018-10-17,21.059999465942383,20.440000534057617,20.440000534057617,20.940000534057617,5077800.0,20.317943572998047
2018-10-18,22.790000915527344,21.110000610351562,22.6200008392334,21.260000228881836,18456700.0,20.628437042236328
2018-10-19,22.040000915527344,20.780000686645508,21.200000762939453,21.979999542236328,9923600.0,21.32704734802246
2018-10-22,22.06999969482422,21.079999923706055,22.0,21.110000610351562,6447200.0,20.482892990112305
2018-10-23,21.290000915527344,20.6200008392334,20.8700008392334,21.170000076293945,7252000.0,20.54111099243164
2018-10-24,21.5,20.920000076293945,21.190000534057617,21.079999923706055,6757100.0,20.453784942626953
2018-10-25,21.700000762939453,20.989999771118164,21.229999542236328,21.540000915527344,7482000.0,20.90011978149414
2018-10-26,21.530000686645508,20.760000228881836,21.420000076293945,21.049999237060547,5125600.0,20.424673080444336
2018-10-29,21.739999771118164,21.020000457763672,21.360000610351562,21.239999771118164,5184700.0,20.60902976989746
2018-10-30,21.989999771118164,21.280000686645508,21.399999618530273,21.920000076293945,7570200.0,21.268831253051758
2018-10-31,22.219999313354492,21.68000030517578,22.18000030517578,21.709999084472656,6402000.0,21.065067291259766
2018-11-01,22.079999923706055,21.700000762939453,21.709999084472656,21.979999542236328,6011500.0,21.32704734802246
2018-11-02,22.450000762939453,21.510000228881836,22.25,21.6200008392334,4779800.0,20.97774314880371
2018-11-05,22.06999969482422,21.3799991607666,21.690000534057617,21.719999313354492,4856700.0,21.074771881103516
2018-11-06,21.760000228881836,21.440000534057617,21.68000030517578,21.700000762939453,4008500.0,21.05536651611328
2018-11-07,21.850000381469727,21.100000381469727,21.790000915527344,21.59000015258789,5146300.0,20.94863510131836
2018-11-08,22.020000457763672,21.469999313354492,21.479999542236328,21.780000686645508,6197200.0,21.13298988342285
2018-11-09,21.450000762939453,20.600000381469727,21.34000015258789,20.8799991607666,4645600.0,20.542680740356445
2018-11-12,20.940000534057617,20.389999389648438,20.75,20.479999542236328,7792500.0,20.14914321899414
2018-11-13,20.610000610351562,19.799999237060547,20.520000457763672,19.850000381469727,10625400.0,19.529321670532227
2018-11-14,20.43000030517578,19.280000686645508,19.979999542236328,19.709999084472656,10866000.0,19.391582489013672
2018-11-15,20.09000015258789,19.360000610351562,19.489999771118164,20.059999465942383,6219200.0,19.735929489135742
2018-11-16,20.290000915527344,19.81999969482422,19.950000762939453,20.06999969482422,6082400.0,19.74576759338379
2018-11-19,20.43000030517578,19.959999084472656,20.100000381469727,20.110000610351562,6749000.0,19.78512191772461
2018-11-20,20.209999084472656,19.81999969482422,19.959999084472656,19.8799991607666,5774400.0,19.558835983276367
2018-11-21,20.5,19.799999237060547,19.889999389648438,20.1299991607666,5875300.0,19.804798126220703
2018-11-23,20.450000762939453,19.81999969482422,19.979999542236328,20.260000228881836,2005100.0,19.93269920349121
2018-11-26,20.989999771118164,20.450000762939453,20.579999923706055,20.75,3895100.0,20.41478157043457
2018-11-27,20.81999969482422,20.420000076293945,20.610000610351562,20.469999313354492,4130700.0,20.139305114746094
2018-11-28,20.8700008392334,20.0,20.450000762939453,20.68000030517578,6510800.0,20.34591293334961
2018-11-29,20.56999969482422,20.209999084472656,20.489999771118164,20.25,3761000.0,19.92285919189453
2018-11-30,20.479999542236328,20.06999969482422,20.15999984741211,20.350000381469727,5252000.0,20.021244049072266
2018-12-03,20.8799991607666,20.43000030517578,20.559999465942383,20.649999618530273,4106400.0,20.316396713256836
2018-12-04,20.479999542236328,19.34000015258789,20.31999969482422,19.530000686645508,11430300.0,19.214492797851562
2018-12-06,19.200000762939453,18.489999771118164,19.110000610351562,18.8700008392334,8509400.0,18.565155029296875
2018-12-07,19.270000457763672,18.389999389648438,18.899999618530273,18.520000457763672,6261200.0,18.220808029174805
2018-12-10,18.540000915527344,17.6200008392334,18.3700008392334,17.950000762939453,6150700.0,17.660017013549805
2018-12-11,18.260000228881836,17.270000457763672,18.1200008392334,17.399999618530273,7645100.0,17.1189022064209
2018-12-12,18.020000457763672,17.350000381469727,17.610000610351562,17.639999389648438,5144800.0,17.355024337768555
2018-12-13,17.739999771118164,17.1299991607666,17.639999389648438,17.239999771118164,4165800.0,16.96148681640625
2018-12-14,17.459999084472656,16.860000610351562,17.079999923706055,16.950000762939453,5086500.0,16.676172256469727
2018-12-17,17.549999237060547,16.81999969482422,16.940000534057617,17.0,5668000.0,16.725364685058594
2018-12-18,17.389999389648438,16.790000915527344,17.079999923706055,16.969999313354492,4805000.0,16.69584846496582
2018-12-19,17.18000030517578,16.299999237060547,16.860000610351562,16.420000076293945,5742800.0,16.154733657836914
2018-12-20,16.790000915527344,16.079999923706055,16.360000610351562,16.290000915527344,8629800.0,16.02683448791504
2018-12-21,16.719999313354492,15.979999542236328,16.270000457763672,16.0,10087300.0,15.7415189743042
2018-12-24,16.200000762939453,15.630000114440918,16.010000228881836,15.710000038146973,2785700.0,15.456204414367676
2018-12-26,16.479999542236328,15.380000114440918,15.800000190734863,16.479999542236328,5728200.0,16.213764190673828
2018-12-27,16.709999084472656,15.930000305175781,16.18000030517578,16.709999084472656,4647100.0,16.440048217773438
2018-12-28,16.959999084472656,16.43000030517578,16.760000228881836,16.549999237060547,5662500.0,16.28263282775879
2018-12-31,16.81999969482422,16.399999618530273,16.530000686645508,16.739999771118164,3800700.0,16.46956443786621
2019-01-02,17.040000915527344,16.31999969482422,16.420000076293945,16.84000015258789,5222300.0,16.567949295043945
2019-01-03,16.850000381469727,16.360000610351562,16.75,16.43000030517578,6000500.0,16.16457176208496
2019-01-04,17.34000015258789,16.6200008392334,16.75,17.260000228881836,5041500.0,16.981163024902344
2019-01-07,17.719999313354492,17.010000228881836,17.190000534057617,17.469999313354492,3884700.0,17.18777084350586
2019-01-08,17.81999969482422,17.190000534057617,17.600000381469727,17.280000686645508,3998100.0,17.00084114074707
2019-01-09,17.56999969482422,17.170000076293945,17.270000457763672,17.31999969482422,3957100.0,17.040193557739258
2019-01-10,17.739999771118164,17.290000915527344,17.31999969482422,17.549999237060547,5046400.0,17.266477584838867
2019-01-11,17.649999618530273,17.100000381469727,17.280000686645508,17.3799991607666,6079500.0,17.099224090576172
2019-01-14,17.700000762939453,17.1299991607666,17.290000915527344,17.549999237060547,5212100.0,17.266477584838867
2019-01-15,17.81999969482422,17.469999313354492,17.540000915527344,17.799999237060547,3587500.0,17.512439727783203
2019-01-16,18.450000762939453,17.860000610351562,17.940000534057617,18.309999465942383,4262100.0,18.01420021057129
2019-01-17,18.610000610351562,17.93000030517578,18.1299991607666,18.459999084472656,4877100.0,18.16177749633789
2019-01-18,19.0,18.540000915527344,18.670000076293945,18.84000015258789,4682400.0,18.5356388092041
2019-01-22,18.809999465942383,18.510000228881836,18.790000915527344,18.709999084472656,4573500.0,18.407737731933594
2019-01-23,18.84000015258789,18.3799991607666,18.790000915527344,18.610000610351562,3707700.0,18.309354782104492
2019-01-24,18.899999618530273,18.540000915527344,18.56999969482422,18.780000686645508,4371000.0,18.476608276367188
2019-01-25,19.18000030517578,18.81999969482422,19.0,19.020000457763672,6294100.0,18.712730407714844
2019-01-28,19.489999771118164,18.8700008392334,18.93000030517578,19.420000076293945,5609000.0,19.10626792907715
2019-01-29,19.5,19.020000457763672,19.3799991607666,19.059999465942383,4277900.0,18.752084732055664
2019-01-30,18.90999984741211,18.030000686645508,18.760000228881836,18.59000015258789,7507400.0,18.289676666259766
2019-01-31,18.530000686645508,18.049999237060547,18.399999618530273,18.219999313354492,10575300.0,17.9256534576416
2019-02-01,18.559999465942383,18.15999984741211,18.350000381469727,18.360000610351562,5477400.0,18.06339454650879
2019-02-04,18.670000076293945,18.229999542236328,18.440000534057617,18.579999923706055,4005300.0,18.27983856201172
2019-02-05,18.75,18.469999313354492,18.6299991607666,18.719999313354492,3730200.0,18.41757583618164
2019-02-06,18.889999389648438,18.540000915527344,18.700000762939453,18.579999923706055,4086600.0,18.27983856201172
2019-02-07,18.790000915527344,18.110000610351562,18.549999237060547,18.3700008392334,4309800.0,18.073232650756836
2019-02-08,18.350000381469727,17.700000762939453,18.25,18.0,4319100.0,17.709209442138672
2019-02-11,18.229999542236328,17.979999542236328,18.139999389648438,18.190000534057617,4520100.0,17.89613914489746
2019-02-12,18.610000610351562,18.329999923706055,18.399999618530273,18.56999969482422,5032300.0,18.270000457763672
2019-02-13,18.729999542236328,18.40999984741211,18.459999084472656,18.469999313354492,3552000.0,18.469999313354492
2019-02-14,18.3700008392334,17.93000030517578,18.329999923706055,18.270000457763672,3418700.0,18.270000457763672
2019-02-15,18.889999389648438,18.350000381469727,18.450000762939453,18.860000610351562,4591100.0,18.860000610351562
2019-02-19,18.989999771118164,18.6200008392334,18.739999771118164,18.90999984741211,3388200.0,18.90999984741211
2019-02-20,19.1299991607666,18.809999465942383,18.8799991607666,19.040000915527344,3812600.0,19.040000915527344
2019-02-21,19.149999618530273,18.739999771118164,19.09000015258789,18.829999923706055,3608100.0,18.829999923706055
2019-02-22,19.100000381469727,18.829999923706055,18.90999984741211,19.049999237060547,3319200.0,19.049999237060547
